[8.86873e-07]
[0.00054887]
[4.6377863e-05]
[0.99949855]
[0.99524593]
[0.9999885]
[0.00637186]
[0.00011148]
[0.9999931]
[0.0013943]
[0.001598]
[0.07137129]
[0.9788616]
[0.99972874]
[0.00038043]
[0.01616263]
[0.6284449]
[0.99999166]
[0.99980676]
[0.9108889]
[0.0004887]
[0.9934192]
[0.19919774]
[0.9999552]
[5.8788697e-05]
[0.00011885]
[0.9591454]
[4.624349e-06]
[0.08338779]
[0.999948]
[4.3957276e-05]
[0.99999624]
[0.00095853]
[0.09362131]
[0.00050506]
[0.00116628]
[0.96890455]
[0.00058705]
[3.6672063e-07]
[0.00032035]
[0.00231007]
[0.999565]
[0.9997196]
[0.22508007]
[0.74572146]
[0.03499919]
[0.99991506]
[0.00080663]
[0.99992746]
[0.16350737]
[0.00011236]
[0.05575928]
[0.9999068]
[0.8145999]
[0.01322949]
[0.99985754]
[0.999931]
[0.99780667]
[0.00082242]
[0.00198549]
[3.9758206e-07]
[0.02088207]
[0.9999334]
[0.9635016]
[0.00029826]
[0.9999944]
[0.9999914]
[0.99997115]
[0.9997639]
[3.576545e-05]
[0.99995166]
[3.7726767e-07]
[0.00402117]
[0.9823955]
[0.9999895]
[0.97307485]
[0.9998276]
[0.87648404]
[2.6595106e-05]
[0.9994459]
[5.271891e-05]
[4.146163e-07]
[0.99944305]
[0.00045499]
[0.9998609]
[4.8634745e-05]
[1.4014228e-06]
[0.86270535]
[0.9611782]
[0.9806768]
[0.9976135]
[1.0605576e-06]
[0.63782626]
[0.18822852]
[0.99999267]
[0.9999391]
[0.00145993]
[0.9941492]
[0.00039187]
[0.15760231]
[0.9998615]
[0.9950501]
[0.99999547]
[0.99962306]
[0.0001387]
[0.9997015]
[0.9999942]
[0.00113863]
[0.9994701]
[0.00034192]
[0.9999962]
[0.00266808]
[0.95203024]
[7.526377e-07]
[2.5740184e-05]
[0.9961766]
[6.5800764e-06]
[0.00299233]
[2.1415262e-05]
[1.0042072e-05]
[0.00098488]
[0.0052658]
[0.9998746]
[3.7052805e-06]
[0.9829628]
[0.9999888]
[0.9999644]
[0.10173237]
[0.99827456]
[0.9963095]
[0.9780979]
[0.9831017]
[4.3752718e-07]
[0.77403927]
[6.2370486e-06]
[0.9996269]
[0.00011511]
[0.9999951]
[0.9986143]
[0.99968493]
[0.9947115]
[0.96152246]
[0.9996744]
[0.00095972]
[0.9999796]
[0.999933]
[0.99973375]
[0.9999966]
[8.241573e-05]
[3.5889973e-06]
[0.00209042]
[0.9980863]
[0.99987596]
[0.99518156]
[0.99987596]
[0.9999955]
[0.9898412]
[0.9951761]
[0.9999663]
[0.99999535]
[3.0323708e-05]
[8.45566e-06]
[4.0245914e-06]
[3.488384e-05]
[0.9964626]
[0.9999422]
[0.79144835]
[0.00101]
[0.9993346]
[7.054125e-05]
[0.9997715]
[0.00455546]
[1.4825858e-05]
[0.99999523]
[0.9998275]
[0.8875767]
[0.9829957]
[0.9998288]
[2.9834955e-06]
[0.99965984]
[0.9999436]
[0.99997437]
[0.9838959]
[0.9999311]
[0.00243384]
[0.98789704]
[1.334312e-06]
[4.89605e-05]
[0.9992451]
[0.99995625]
[0.99996066]
[0.94653475]
[0.9998053]
[0.28436407]
[0.9983597]
[0.99998677]
[0.9967108]
[0.9999715]
[0.8303554]
[0.9990734]
[0.05514744]
[0.9990039]
[1.6632645e-06]
[3.0787303e-06]
[0.9852967]
[0.9993324]
[0.9999247]
[1.3377706e-05]
[0.99993396]
[0.60067165]
[0.99997115]
[0.999996]
[1.3783931e-05]
[0.99999535]
[0.9999342]
[0.25328684]
[0.999991]
[0.9999776]
[0.98268557]
[0.46504933]
[0.99998766]
[0.9990879]
[0.99165285]
[5.2705235e-07]
[0.11442772]
[0.9977599]
[0.99942553]
[1.0172739e-05]
[0.9819062]
[0.9998119]
[0.2044017]
[0.00051761]
[0.99998784]
[0.9999466]
[0.9999918]
[5.4353135e-05]
[0.9824118]
[0.0013268]
[0.999525]
[0.9998053]
[0.9999623]
[0.02041885]
[4.602316e-06]
[0.999184]
[5.452932e-06]
[0.1711201]
[0.9999255]
[0.977576]
[0.707825]
[0.45099294]
[0.00035736]
[0.00159243]
[0.00995645]
[0.9992875]
[0.00374234]
[0.9999646]
[0.00114623]
[0.8025341]
[0.9909748]
[0.99984217]
[0.66145766]
[1.7385597e-05]
[0.9992553]
[0.9999938]
[0.9999732]
[0.02862677]
[0.6747011]
[0.9728061]
[0.9486795]
[0.9949596]
[0.13707197]
[0.9654728]
[0.29571003]
[0.07152846]
[4.986856e-06]
[0.99983406]
[0.94463843]
[0.999991]
[0.99975395]
[0.00156304]
[0.00200561]
[0.9995713]
[0.62725437]
[0.99999475]
[0.9999765]
[0.0002453]
[3.0083396e-05]
[0.9686905]
[0.00439286]
[0.05427063]
[0.99970806]
[0.9941642]
[0.99908495]
[0.99915886]
[0.9963639]
[0.9995916]
[0.2179397]
[0.9184667]
[0.99982846]
[0.00088316]
[0.9992533]
[0.00246358]
[7.6216456e-06]
[0.8079072]
[0.00209546]
[0.9999856]
[0.9914187]
[0.00029081]
[0.8276193]
[0.9997856]
[0.99994856]
[0.98086613]
[0.00966164]
[0.9943704]
[0.2441262]
[0.9861034]
[0.1967026]
[0.99932826]
[0.99352974]
[0.9997976]
[0.9999359]
[0.99772644]
[0.33735567]
[0.9999527]
[0.00694573]
[0.22912836]
[0.99552226]
[0.99933493]
[0.9998715]
[0.9864553]
[0.9999748]
[4.0874335e-07]
[0.9997504]
[0.8434359]
[0.9999885]
[7.3285814e-06]
[0.02123159]
[0.72725236]
[0.00019678]
[0.9999628]
[0.99941206]
[0.99970305]
[0.99999547]
[6.867899e-07]
[0.87184364]
[0.9997078]
[0.01995113]
[0.9966869]
[4.378488e-06]
[0.9999736]
[0.07498151]
[0.9990872]
[0.99996936]
[0.000799]
[0.2782932]
[6.114605e-06]
[7.7888166e-05]
[0.67745835]
[0.997786]
[0.9996108]
[0.9999367]
[0.9995384]
[2.8351624e-07]
[0.9996382]
[0.99991745]
[0.8480202]
[0.9917173]
[0.9996036]
[9.728845e-07]
[0.00083318]
[0.99708927]
[0.02934614]
[0.9989008]
[0.9999671]
[0.0745998]
[1.6792521e-06]
[0.7737202]
[0.9999261]
[0.00275624]
[0.9999124]
[0.01695544]
[0.98338175]
[0.02060744]
[1.10370975e-05]
[0.99993277]
[0.99536467]
[0.45676506]
[0.9974702]
[0.99966085]
[0.9945342]
[0.98977804]
[0.9997332]
[1.0221167e-05]
[0.99990946]
[0.99993014]
[0.999926]
[0.99993974]
[0.99921894]
[0.99997854]
[0.9998654]
[0.8985786]
[0.99974316]
[0.9999125]
[0.99307704]
[0.9999909]
[0.00139347]
[0.9999769]
[0.95516837]
[0.9999861]
[0.77174556]
[0.74654216]
[0.9999868]
[0.01044178]
[0.9975753]
[0.9999227]
[1.2788638e-05]
[0.999722]
[0.79632854]
[0.9928995]
[0.99988407]
[1.2046344e-06]
[5.3959347e-06]
[3.1263305e-06]
[0.00132686]
[0.99997747]
[0.999846]
[1.4411023e-05]
[0.9960165]
[0.00301716]
[0.17087471]
[5.3959347e-06]
[0.9998386]
[0.98488957]
[0.00355595]
[1.6640229e-06]
[0.99999464]
[0.9980384]
[0.9835916]
[0.29804432]
[0.99996114]
[0.9994755]
[0.01284543]
[0.00076166]
[0.99997854]
[0.9999949]
[0.99950564]
[0.99295557]
[0.99295557]
[0.99999464]
[0.01778865]
[0.00020787]
[0.99997985]
[0.99972594]
[0.9912147]
[0.9999904]
[0.99995214]
[0.99855846]
[0.9992032]
[0.99982506]
[0.00052202]
[0.48000425]
[0.99483657]
[0.9999797]
[0.9999877]
[0.98432827]
[0.06303006]
[0.99984527]
[0.9999716]
[0.00134635]
[0.99995345]
[0.30064428]
[0.9999711]
[0.9999394]
[0.9999651]
[0.99999166]
[0.7161954]
[0.9986315]
[0.6966616]
[2.5872294e-05]
[0.01051071]
[0.99730045]
[1.329988e-05]
[0.9976501]
[0.00026402]
[0.9995829]
[0.15813929]
[5.874549e-05]
[0.87034297]
[0.9997866]
[2.8194713e-06]
[0.00049341]
[0.999979]
[0.99988747]
[0.99991024]
[0.9994947]
[0.9997503]
[0.9985417]
[0.9998321]
[0.02096504]
[0.99982655]
[0.00190628]
[7.317858e-05]
[0.9982058]
[0.10075599]
[0.9339782]
[0.9998223]
[0.9999324]
[0.04157427]
[1.4398919e-05]
[0.99998015]
[0.00070304]
[0.21806806]
[0.0969409]
[0.9999338]
[0.99997205]
[0.00150207]
[0.9983144]
[0.3337323]
[0.99996066]
[0.22961974]
[0.00180379]
[0.9980718]
[5.166158e-05]
[0.9999853]
[0.9998939]
[0.04835841]
[0.00569946]
[0.9999007]
[0.9999653]
[0.81601894]
[0.04246455]
[0.00114259]
[0.9999302]
[0.9998457]
[0.9987157]
[0.79637504]
[0.99996203]
[3.4723493e-05]
[0.05479863]
[0.00239533]
[0.99999166]
[1.0991982e-05]
[6.584976e-05]
[0.9999945]
[0.21750894]
[0.01329446]
[0.9998908]
[8.8776574e-07]
[0.9999609]
[0.06087211]
[0.02122137]
[4.3067288e-05]
[0.21952513]
[3.0298602e-06]
[0.9962897]
[0.9999952]
[0.00515929]
[0.5732647]
[1.8607925e-05]
[0.9999967]
[0.99892515]
[0.9999969]
[0.00100625]
[0.00353247]
[0.99796516]
[0.00014856]
[0.35665673]
[1.4757068e-06]
[0.00876343]
[0.99726915]
[0.99937737]
[0.00584027]
[0.9996134]
[0.99997115]
[0.7169771]
[0.9984659]
[0.99989927]
[0.8623948]
[0.9999887]
[0.9999846]
[0.01103348]
[0.3586786]
[0.98886263]
[0.98886263]
[0.9999168]
[0.00120357]
[0.9999837]
[0.99993134]
[0.25700814]
[0.999719]
[0.9983225]
[0.0134075]
[0.9990807]
[1.9854635e-05]
[0.44878983]
[0.01618949]
[0.9998224]
[0.17134106]
[0.01629478]
[0.00022027]
[0.99836797]
[0.99843526]
[0.71988535]
[0.99997467]
[0.01626089]
[0.8654548]
[0.9686135]
[0.15984258]
[0.99988955]
[0.99997914]
[0.91561913]
[0.9900503]
[0.99919975]
[0.9999947]
[0.01404327]
[2.5369678e-05]
[0.6257483]
[0.9913236]
[1.722745e-05]
[0.99425113]
[3.5923154e-06]
[0.00022027]
[6.1111336e-05]
[0.7567887]
[0.9935627]
[0.99650073]
[0.04954067]
[0.00082836]
[2.0074809e-05]
[0.98886263]
[0.6741904]
[0.99997747]
[0.9999954]
[0.99431205]
[6.347508e-06]
[0.06768757]
[0.9999958]
[0.00636783]
[0.9992415]
[0.0335497]
[2.2060347e-06]
[0.9997229]
[0.99808085]
[0.84430444]
[0.9971074]
[0.99986464]
[0.9999888]
[0.00032443]
[0.78967917]
[0.9999505]
[0.65961814]
[0.99998665]
[0.9999095]
[0.99655676]
[0.9967452]
[0.7031912]
[0.99998844]
[0.99992466]
[0.00079831]
[2.5292095e-06]
[0.00139612]
[0.9999219]
[0.24515346]
[8.171901e-07]
[0.046837]
[0.9988301]
[0.99990547]
[0.99962604]
[0.92169404]
[0.9952576]
[0.99975246]
[0.99983066]
[0.9982431]
[0.98886263]
[0.99999595]
[0.99982905]
[0.98886263]
[0.9742216]
[7.68969e-06]
[0.9999894]
[0.9713999]
[0.99996305]
[0.99915624]
[0.32254553]
[0.20230469]
[0.00445893]
[0.9998554]
[0.95462]
[0.07795975]
[0.46801347]
[0.98366547]
[0.9999735]
[0.8257916]
[0.00058597]
[0.9959142]
[0.999992]
[0.5761474]
[7.6271095e-07]
[0.07403627]
[0.00360975]
[0.99996006]
[0.99996346]
[0.97533464]
[0.9999969]
[0.9839946]
[0.02174953]
[0.9998398]
[0.00103608]
[0.9999924]
[0.76519763]
[5.1392217e-06]
[0.9992529]
[0.98432994]
[0.99971205]
[8.45154e-06]
[0.00026545]
[1.1892972e-06]
[1.1989393e-06]
[0.9839946]
[0.9994946]
[0.999834]
[0.99976575]
[0.16234142]
[0.874964]
[0.999828]
[8.544541e-05]
[0.99996394]
[0.13153794]
[0.91060615]
[8.712344e-05]
[0.24329996]
[0.99995553]
[0.9996701]
[0.00017062]
[0.9999605]
[0.9994658]
[0.9995047]
[0.9999955]
[0.99964905]
[0.01089397]
[0.9999888]
[0.99992245]
[0.9995074]
[3.0898354e-05]
[0.9999763]
[0.00122422]
[0.9964601]
[0.9997977]
[0.57097185]
[0.00031015]
[0.99999845]
[6.2181743e-06]
[0.9986363]
[0.3487841]
[0.9999105]
[0.9999889]
[3.6877389e-06]
[8.431197e-06]
[0.95545536]
[0.99998546]
[0.9754844]
[0.00021207]
[0.9994739]
[0.99982584]
[4.968096e-06]
[0.9998803]
[0.00115025]
[7.765268e-07]
[0.9999846]
[0.9999817]
[0.8171587]
[0.996333]
[0.99485314]
[0.00083926]
[2.8559934e-05]
[0.04667395]
[0.9999788]
[9.850537e-06]
[0.99837506]
[1.4932743e-06]
[0.99998224]
[0.99997884]
[0.99998677]
[0.08016983]
[0.16118515]
[0.00179446]
[0.9903642]
[0.9999993]
[0.999714]
[0.9997225]
[0.9999304]
[0.30521756]
[0.01709476]
[6.3374127e-06]
[0.96583486]
[4.774446e-06]
[0.5781852]
[0.01142904]
[0.03893939]
[1.25228535e-05]
[0.00037974]
[0.99998975]
[0.23831722]
[0.5659933]
[0.00014022]
[0.14330783]
[0.9975093]
[0.0004288]
[0.00063804]
[0.99934936]
[0.06232169]
[0.9998404]
[0.11742893]
[0.6829999]
[0.00027537]
[0.00020468]
[0.02061552]
[0.9999578]
[0.99989915]
[0.12557706]
[0.999974]
[8.868456e-06]
[0.11880952]
[0.9854059]
[0.99989325]
[2.0376128e-05]
[0.99976957]
[7.7037985e-06]
[8.4744615e-06]
[0.99999124]
[0.9711029]
[0.9996798]
[0.8731209]
[0.99961424]
[0.02580541]
[0.63364667]
[0.99522877]
[0.9997906]
[0.99993515]
[0.8178445]
[0.99849844]
[0.9997724]
[0.99784684]
[0.9973841]
[0.9929217]
[0.99965906]
[0.0218775]
[0.99696255]
[0.95037305]
[0.9625638]
[0.9999926]
[0.01572245]
[0.9996897]
[0.01569945]
[0.999997]
[0.44320604]
[1.5601829e-06]
[0.6461655]
[0.99999034]
[0.00027323]
[0.99679923]
[0.02771449]
[0.9984243]
[0.00082859]
[0.99987483]
[0.9253869]
[0.99921596]
[0.00399879]
[9.682483e-05]
[0.04941681]
[0.9992753]
[0.9999745]
[0.00090501]
[1.1989393e-06]
[0.9998411]
[0.99999136]
[0.0003404]
[0.1830683]
[0.9996657]
[0.99772125]
[6.32487e-05]
[0.9999358]
[2.815598e-05]
[0.9998404]
[0.9926129]
[0.9962225]
[0.9998563]
[0.6557096]
[0.9992405]
[0.99930525]
[0.99998856]
[0.9998243]
[0.95184374]
[0.0085772]
[0.969026]
[0.92966413]
[0.00036705]
[0.9765562]
[0.9432243]
[2.6010812e-05]
[0.22787383]
[0.73895764]
[0.99943817]
[0.1726343]
[0.12181407]
[0.9999913]
[0.9377668]
[8.564508e-06]
[0.5406525]
[0.99983037]
[0.9998671]
[0.01840779]
[0.9993552]
[1.1989393e-06]
[0.01365587]
[5.7983172e-05]
[1.0242136e-05]
[9.822024e-07]
[0.96577907]
[0.03439862]
[0.99998295]
[0.99292564]
[1.1989393e-06]
[0.00081244]
[0.0005714]
[0.9999844]
[0.9964045]
[0.9998581]
[2.316327e-06]
[0.87512386]
[0.00120008]
[0.0933463]
[0.00020441]
[0.1284585]
[0.9041224]
[0.01615304]
[0.0001325]
[0.00162351]
[0.00260222]
[0.85380137]
[0.99965715]
[0.9955387]
[0.9995359]
[0.9967052]
[0.99960935]
[2.146241e-05]
[8.222668e-07]
[0.01195133]
[0.9759939]
[0.99986786]
[2.1474572e-05]
[0.99996424]
[0.00135973]
[0.9161078]
[1.1034635e-05]
[0.04575089]
[0.00298327]
[0.62046796]
[3.658838e-06]
[5.7332574e-05]
[8.066069e-06]
[0.00317681]
[0.6716516]
[1.3253734e-06]
[0.99931395]
[0.99999404]
[0.00067005]
[6.9824923e-06]
[0.95939755]
[0.99970376]
[0.99979603]
[0.00525972]
[0.5215234]
[0.9999275]
[0.00793809]
[0.99995196]
[0.99253476]
[0.99992424]
[0.99999255]
[0.00110674]
[1.4461908e-05]
[0.9994965]
[0.10875621]
[0.99958104]
[0.9195139]
[0.9999732]
[0.00045842]
[0.9999599]
[0.999112]
[0.00834629]
[0.9867815]
[0.99968046]
[0.00090137]
[0.9987633]
[0.99997854]
[0.00169653]
[4.663168e-07]
[0.9999898]
[0.06326169]
[0.9740665]
[0.99996734]
[0.99253476]
[0.9994737]
[0.058256]
[0.99998045]
[0.9991735]
[0.999967]
[0.9956466]
[0.01730916]
[0.99978846]
[0.00035304]
[0.99900484]
[0.9998425]
[0.99997705]
[0.99938047]
[0.05426991]
[0.9995899]
[0.9811373]
[1.8126974e-06]
[0.9997436]
[0.74242336]
[0.43330455]
[0.95571196]
[6.7945626e-07]
[0.99253476]
[0.99253476]
[0.9999842]
[0.99993557]
[0.9999875]
[0.00203624]
[0.99998003]
[0.01642218]
[0.9999131]
[0.00033242]
[0.99999386]
[0.9998435]
[0.00013202]
[0.99973714]
[0.999985]
[0.9999592]
[0.5552711]
[0.997706]
[0.9400058]
[0.00015175]
[0.9829011]
[0.02081791]
[0.99999607]
[0.9999131]
[9.5503e-06]
[0.99999166]
[0.7866087]
[0.99980783]
[0.00033593]
[0.9998927]
[0.99891895]
[0.99253476]
[0.9997451]
[0.9999899]
[0.00108182]
[2.3087461e-05]
[0.9800348]
[0.13927713]
[0.99832296]
[3.1326355e-05]
[0.9999831]
[0.9999962]
[0.9999775]
[0.99998486]
[0.99987423]
[0.9987958]
[0.00093466]
[0.2502546]
[8.62666e-06]
[0.03872254]
[0.999295]
[0.9967324]
[0.99997896]
[0.8148849]
[0.0003207]
[0.9999833]
[0.81903386]
[0.00059652]
[0.00300521]
[0.9999924]
[0.00023726]
[0.8796506]
[0.00011575]
[0.99785495]
[3.9368868e-05]
[0.9991275]
[0.99253476]
[0.67452866]
[0.02472156]
[0.99996746]
[0.9461371]
[0.99930805]
[8.9565365e-06]
[3.958042e-06]
[2.0667852e-05]
[0.5055308]
[0.9487013]
[8.965188e-07]
[0.6637483]
[0.9854741]
[0.9997016]
[0.59289443]
[0.99253476]
[0.99974763]
[1.7602439e-06]
[0.9997742]
[0.99996567]
[0.98136294]
[0.99999464]
[0.9994574]
[0.34488365]
[0.98600096]
[0.9987072]
[2.6233486e-06]
[0.05089128]
[0.999485]
[0.99999094]
[0.00109974]
[0.95257884]
[0.0006943]
[0.9999896]
[0.9999973]
[0.0001879]
[0.99999714]
[0.9596481]
[0.03075624]
[0.0109773]
[0.00298151]
[0.00263903]
[0.00258571]
[0.9617262]
[0.02483401]
[0.8938632]
[0.00020859]
[3.0076999e-05]
[0.97005165]
[0.07514566]
[0.02015376]
[0.9826882]
[0.99856263]
[3.8573285e-07]
[1.3370384e-07]
[0.00015309]
[0.00012869]
[1.1410477e-05]
[0.9999891]
[0.0007793]
[0.7984406]
[0.99997276]
[0.9999144]
[0.60433054]
[0.99975634]
[0.90518165]
[4.2043425e-06]
[0.87825274]
[1.0324524e-05]
[0.9870674]
[0.9999324]
[0.00016803]
[3.5109808e-06]
[0.0101715]
[0.9427651]
[3.0107964e-05]
[0.01510733]
[0.23831722]
[0.82925034]
[0.00165144]
[1.3933948e-06]
[0.8386779]
[0.6669767]
[0.99921024]
[1.0337332e-05]
[0.09450364]
[0.94517946]
[0.84274954]
[0.9965607]
[1.8451008e-05]
[0.9999875]
[2.575472e-05]
[0.99997044]
[0.00840864]
[0.03289142]
[0.00429282]
[0.9010618]
[0.9999966]
[0.9998971]
[0.9985033]
[0.16344464]
[4.876597e-06]
[1.5032576e-06]
[0.99998975]
[0.02928042]
[0.00011881]
[0.999877]
[0.99993014]
[0.25369155]
[0.40276998]
[0.99991107]
[0.99993765]
[0.9980577]
[0.16944513]
[0.3056277]
[0.99296606]
[0.47438344]
[0.9992322]
[0.9997978]
[0.9999921]
[0.999955]
[0.00027791]
[0.9890665]
[0.07623073]
[1.2914015e-05]
[0.999986]
[0.99998903]
[0.99973]
[0.83161074]
[0.99922365]
[0.99999034]
[0.6372838]
[0.999437]
[0.00144288]
[0.00016963]
[0.00171086]
[0.99975026]
[0.9997785]
[0.9462149]
[0.9998293]
[0.28543422]
[0.9860628]
[0.9817072]
[0.99991316]
[0.99791443]
[0.97410196]
[0.999862]
[0.4875062]
[0.9449882]
[0.9976958]
[0.9997709]
[0.9999847]
[0.9979382]
[0.42574418]
[0.9995554]
[0.99985933]
[0.99253476]
[0.10785753]
[0.9996846]
[0.00016379]
[0.9996865]
[0.03292388]
[2.8103374e-05]
[8.163477e-06]
[0.9999966]
[3.4710746e-07]
[8.5400677e-07]
[0.09609196]
[0.9998599]
[0.99999154]
[0.99878645]
[0.99253476]
[1.992302e-06]
[0.99993443]
[0.9260189]
[0.9999964]
[0.86626446]
[2.7675007e-05]
[0.99996006]
[0.00024983]
[0.00397053]
[6.606936e-05]
[0.99886525]
[0.9998349]
[0.99999636]
[0.57059807]
[0.99959683]
[0.9982157]
[0.9998065]
[0.9995322]
[0.9999949]
[0.64322466]
[0.99904597]
[0.93139935]
[0.999596]
[3.2063747e-06]
[0.9976634]
[0.13655728]
[0.8487779]
[0.9763838]
[0.9921258]
[0.01521242]
[0.9994474]
[0.99967587]
[0.9999321]
[0.11869767]
[0.9992073]
[0.60327226]
[0.99999464]
[0.40839443]
[0.99999285]
[0.7263392]
[0.9999851]
[0.9992984]
[0.5756603]
[0.9243303]
[0.99879825]
[8.952664e-05]
[0.9999379]
[0.7933664]
[0.99998045]
[6.2613644e-06]
[0.9999926]
[0.9999796]
[0.8520276]
[0.99980754]
[0.9999403]
[5.6903118e-05]
[0.9998559]
[0.99999565]
[0.999997]
[9.04268e-06]
[0.9999627]
[0.05369893]
[0.99997646]
[0.992242]
[0.99984294]
[1.0195038e-05]
[0.9999542]
[0.99999416]
[0.90610844]
[0.99916846]
[0.99253476]
[0.98585165]
[0.99998784]
[0.9956862]
[0.38114306]
[0.99992716]
[0.08025485]
[4.7085618e-05]
[0.7976883]
[9.674064e-07]
[0.9997697]
[0.9759404]
[0.99798346]
[0.00027591]
[0.80316836]
[0.00052181]
[0.9997988]
[0.00020999]
[0.0879842]
[0.9998848]
[0.01169476]
[0.5640546]
[0.9997827]
[0.8658085]
[0.9999863]
[0.9999963]
[0.99980855]
[0.9908631]
[0.9999856]
[0.9999863]
[0.662003]
[3.1528075e-06]
[0.999828]
[0.99958897]
[0.99999666]
[0.99999654]
[6.334736e-06]
[0.99999857]
[0.9984318]
[0.99996984]
[0.9999971]
[0.9509907]
[0.9976415]
[0.99495196]
[0.9859519]
[0.99316186]
[0.9997038]
[0.9980702]
[0.9991684]
[0.00027913]
[0.9979913]
[0.9999925]
[0.99946487]
[0.99982756]
[0.9999671]
[0.01297614]
[0.9588863]
[0.99991506]
[0.99995774]
[0.00091681]
[0.00010248]
[0.15544915]
[0.99253476]
[0.9999646]
[0.999996]
[0.9923931]
[1.1332002e-06]
[0.9895593]
[5.902757e-05]
[0.9999871]
[0.9871737]
[0.9810524]
[0.9999852]
[0.99976504]
[0.7677351]
[0.8214321]
[0.9997283]
[0.99999344]
[0.00206336]
[5.0549035e-05]
[0.99992305]
[0.55014265]
[0.27535197]
[0.00041652]
[0.9999914]
[9.38649e-07]
[0.18475607]
[0.02413875]
[0.9813723]
[0.99954957]
[0.9999865]
[0.99964046]
[0.99995804]
[0.99078774]
[6.8171896e-05]
[6.1801366e-06]
[0.9999716]
[0.3740743]
[0.99958974]
[0.00098717]
[0.9998727]
[0.32461914]
[0.01203376]
[0.99998415]
[0.9999504]
[0.99876773]
[0.00097939]
[0.9991764]
[6.8062723e-06]
[0.99999464]
[0.9999944]
[0.807097]
[0.99934626]
[0.9985361]
[0.992067]
[4.670995e-06]
[0.14667496]
[0.9999944]
[0.9997729]
[0.96669763]
[0.99997294]
[0.3899789]
[0.99575937]
[0.99914217]
[0.00012797]
[7.993288e-05]
[3.799131e-05]
[0.999429]
[0.99947816]
[0.9999802]
[0.9999615]
[0.9979681]
[5.0272433e-06]
[0.4616014]
[0.99883604]
[0.0001379]
[0.91784906]
[0.9999112]
[0.00130001]
[0.9996543]
[0.99998254]
[0.9999796]
[0.99050164]
[0.9999355]
[0.1453838]
[0.14667496]
[0.5801657]
[0.99369055]
[0.00338742]
[0.9983858]
[0.99998856]
[0.9782233]
[0.9995142]
[0.9290014]
[0.9996972]
[0.9998353]
[0.0016607]
[0.00463802]
[0.9999893]
[0.946645]
[0.9505881]
[0.00097474]
[2.2419108e-05]
[0.99935055]
[0.00152439]
[0.58451545]
[0.6896981]
[0.97391844]
[0.84224117]
[0.99998426]
[0.9999434]
[0.9483527]
[0.48540726]
[4.503593e-05]
[0.9935076]
[0.99749494]
[0.9999546]
[0.9959445]
[0.99798274]
[0.9993545]
[0.0065757]
[0.9998599]
[0.00022396]
[0.99995875]
[0.9998163]
[0.99933755]
[9.061712e-05]
[0.00087762]
[0.99999046]
[0.00073656]
[0.9999931]
[0.99998885]
[0.99997854]
[0.99998367]
[0.6778095]
[0.99035466]
[0.92520857]
[0.9934093]
[0.98377776]
[0.9949347]
[2.9958082e-05]
[0.99958885]
[0.9995196]
[0.9997804]
[0.99998516]
[0.9711796]
[0.01094592]
[0.00011576]
[0.9997786]
[0.8972784]
[0.39071292]
[0.00103936]
[0.9433204]
[0.9453132]
[0.0049783]
[0.99871826]
[0.999983]
[0.9997703]
[0.00022432]
[0.1828143]
[0.00023875]
[0.00025618]
[0.81242025]
[0.76835525]
[0.9931458]
[0.48604324]
[0.00692496]
[4.7521194e-06]
[0.9999451]
[0.90583014]
[0.99987185]
[0.9999821]
[3.360598e-06]
[0.95233566]
[0.4610506]
[4.7521194e-06]
[0.5991481]
[0.26823106]
[0.9999804]
[0.00117141]
[0.9994478]
[0.9998249]
[0.36214358]
[0.12261954]
[0.00238729]
[8.347144e-06]
[4.8459964e-07]
[0.84875864]
[0.99432886]
[0.9989964]
[0.9998932]
[0.999923]
[0.99862224]
[0.08680674]
[2.1976941e-06]
[0.99998736]
[0.7504051]
[0.00043356]
[0.9997386]
[0.9999808]
[0.8092605]
[0.99721324]
[0.00963369]
[0.00022489]
[0.00064045]
[0.73877347]
[0.9999675]
[0.8413663]
[0.99995863]
[1.3682156e-05]
[0.9992142]
[0.99999]
[0.99981046]
[0.00130463]
[0.00013411]
[0.9998833]
[0.03389612]
[0.00078243]
[0.9977201]
[1.3180155e-05]
[0.9884614]
[0.99999344]
[0.99959695]
[0.9992473]
[0.1071921]
[0.99995494]
[0.00203004]
[5.8684145e-06]
[0.00016272]
[0.99140096]
[0.99931425]
[0.99988407]
[0.999969]
[0.99971473]
[6.432917e-06]
[0.9967127]
[0.00033993]
[0.9973603]
[0.99999106]
[0.08200037]
[0.00036806]
[1.4635032e-05]
[0.99948394]
[3.7340084e-07]
[0.9989785]
[0.99780005]
[0.9897989]
[0.2537312]
[0.02016848]
[0.9999448]
[0.9520726]
[0.42524064]
[0.99989676]
[1.0909427e-05]
[0.01079357]
[0.99920356]
[0.98868865]
[0.9454106]
[0.9999926]
[0.99997056]
[0.00038689]
[0.9999068]
[0.9998176]
[0.9818095]
[0.00109994]
[0.90068084]
[0.23902798]
[0.01613262]
[8.825203e-07]
[0.06120372]
[8.154109e-06]
[0.99996585]
[0.12574863]
[0.06803393]
[0.9995936]
[1.908796e-06]
[0.8947387]
[0.0177823]
[0.9784775]
[0.8917502]
[0.60616547]
[0.99996364]
[0.00049388]
[0.999797]
[0.9937387]
[0.99996096]
[4.1912076e-06]
[0.01173612]
[0.99993205]
[0.00100425]
[0.01833007]
[0.99976313]
[0.04022244]
[0.99985385]
[1.804471e-05]
[0.99996483]
[0.17757514]
[0.10996288]
[0.96263725]
[0.253424]
[0.02955052]
[0.9776467]
[0.99993056]
[0.61652964]
[0.9989872]
[0.9999205]
[0.00095111]
[8.6381317e-07]
[0.9999798]
[0.9863634]
[3.7391255e-05]
[0.00099987]
[0.81887096]
[0.99908364]
[0.9774999]
[0.9999912]
[0.00527668]
[0.9977143]
[0.02118084]
[0.98733854]
[0.9995317]
[0.9999956]
[1.4483494e-05]
[0.018803]
[0.99731374]
[0.9999846]
[0.99912494]
[0.9999913]
[0.9999722]
[0.5178346]
[0.9999881]
[0.9989147]
[0.99777955]
[2.4756725e-06]
[0.97587407]
[0.30504984]
[9.179745e-05]
[0.09457922]
[0.9943501]
[0.0002144]
[0.9425851]
[0.9999944]
[0.93126845]
[3.7391255e-05]
[0.9998908]
[0.99999124]
[0.9999936]
[0.0006645]
[0.9787942]
[0.92404246]
[1.3561835e-05]
[0.47561836]
[5.0692655e-05]
[0.00087127]
[0.0001348]
[0.99998176]
[1.4385763e-06]
[0.9940913]
[0.62412614]
[0.999969]
[0.00793502]
[0.99884385]
[0.90013963]
[0.999987]
[0.00480294]
[0.92404246]
[0.99999726]
[1.743195e-05]
[0.99818707]
[0.00205654]
[0.999992]
[0.99996614]
[0.9999725]
[0.00116104]
[0.9999905]
[1.086132e-05]
[0.99480116]
[1.6562612e-05]
[0.0145928]
[0.99987084]
[0.9999492]
[0.23771673]
[0.9999782]
[0.9999908]
[0.9999451]
[0.9892262]
[0.99929047]
[0.00011248]
[0.99981844]
[0.05306834]
[0.00011176]
[0.8347644]
[0.9998627]
[1.0615417e-05]
[0.57704586]
[0.6557167]
[0.93737674]
[0.99369264]
[0.9765448]
[0.99998856]
[0.99986225]
[0.99964046]
[0.971382]
[0.99998546]
[0.6611615]
[0.00056669]
[0.2844548]
[6.286587e-05]
[8.4587286e-05]
[0.99999475]
[0.2778883]
[2.6638447e-06]
[0.00105292]
[0.9999943]
[0.9671725]
[0.00064293]
[2.4428581e-07]
[0.99415874]
[6.060261e-06]
[0.01208249]
[7.8042143e-07]
[0.32066742]
[5.5932836e-05]
[0.9998633]
[0.9999925]
[8.8817563e-07]
[0.99998295]
[0.72883826]
[0.99997556]
[0.9995812]
[5.2817995e-05]
[0.9149207]
[0.84639823]
[0.9999611]
[0.9999341]
[0.0428187]
[0.00294101]
[0.03189138]
[0.00613931]
[0.98896986]
[0.0001162]
[0.99984175]
[0.9843999]
[0.99999404]
[0.74211574]
[0.06109977]
[0.00621805]
[2.7307844e-06]
[0.00017333]
[0.07873818]
[7.306341e-06]
[0.9999111]
[0.9976631]
[0.4509165]
[4.405588e-06]
[0.00022551]
[0.99860716]
[0.0145416]
[0.999604]
[0.0036813]
[0.9902009]
[0.99798024]
[0.9994184]
[0.97291845]
[0.9451779]
[0.68549144]
[0.9998299]
[0.8841435]
[0.0033918]
[0.71225977]
[0.09370852]
[0.9996645]
[0.04023081]
[4.2836245e-06]
[0.00766715]
[0.00013134]
[0.99999475]
[0.00084853]
[0.54266036]
[0.4270309]
[1.3066616e-05]
[0.9284785]
[0.9998834]
[0.31187573]
[0.26562846]
[0.00025645]
[0.01393768]
[0.64980924]
[0.99972165]
[0.9903658]
[0.9994071]
[0.9407494]
[0.01454043]
[0.30575556]
[3.306473e-07]
[9.231431e-06]
[0.99703765]
[0.99959767]
[0.99998534]
[0.9998604]
[9.063167e-06]
[1.0514847e-06]
[0.0044845]
[0.06014812]
[0.9943559]
[0.99999344]
[0.01136726]
[0.88902354]
[0.00019604]
[0.99999547]
[0.9998077]
[0.00018892]
[0.99999213]
[0.99998504]
[1.6746342e-05]
[0.00802937]
[0.51718765]
[0.01585186]
[1.4402497e-06]
[0.00019109]
[0.18087527]
[0.94143623]
[0.9993876]
[0.00920185]
[0.9999839]
[0.21381941]
[0.9960882]
[0.07873818]
[0.9999645]
[0.9663713]
[0.99998736]
[0.99999297]
[4.2371743e-05]
[0.9999949]
[0.99997395]
[0.9895947]
[0.03437787]
[0.9997348]
[0.95715547]
[0.6842139]
[0.9999976]
[0.00038993]
[0.99936044]
[0.996995]
[7.1704926e-06]
[0.99955475]
[3.4233046e-05]
[0.868109]
[0.714726]
[0.9996977]
[0.99959946]
[2.9351054e-07]
[0.92639655]
[2.7278043e-06]
[0.98996234]
[0.38204926]
[0.12460488]
[0.00030315]
[0.01200134]
[3.5210553e-05]
[0.99992037]
[2.9030762e-06]
[0.00331521]
[0.9999793]
[1.024218e-06]
[2.5513313e-05]
[0.9998169]
[0.00013188]
[4.4077437e-06]
[1.9125753e-06]
[0.99996424]
[0.9999039]
[0.02366638]
[0.99963844]
[0.0011062]
[0.99805355]
[0.99994534]
[0.9999485]
[0.99881804]
[5.9199033e-06]
[0.7151983]
[0.00016963]
[0.9998269]
[0.9974432]
[3.8860867e-06]
[0.02366638]
[0.99074423]
[0.99997663]
[0.9993777]
[0.96564215]
[0.99956757]
[0.00954559]
[0.9999976]
[0.00030005]
[0.9277079]
[0.95063674]
[0.9999641]
[0.8837787]
[0.72874904]
[7.777559e-06]
[0.4181737]
[0.9999733]
[1.1148705e-05]
[0.9989615]
[0.99998474]
[0.00116119]
[0.86282223]
[0.00032526]
[0.99991274]
[0.7852186]
[0.5913371]
[0.98473644]
[1.2738578e-06]
[0.00020665]
[0.934621]
[2.7994369e-05]
[1.1148705e-05]
[0.99996704]
[0.9998504]
[0.9989135]
[0.999962]
[0.9999821]
[0.970279]
[0.9999783]
[0.99988294]
[0.9999739]
[0.8639648]
[0.98377717]
[0.9999901]
[0.999995]
[0.9999882]
[1.0482832e-05]
[0.9999959]
[0.99585426]
[0.99999285]
[0.00033721]
[0.99996877]
[0.12460488]
[1.3667334e-06]
[0.9999181]
[0.99999857]
[1.625599e-05]
[0.20647418]
[0.98982984]
[0.972026]
[1.49918105e-05]
[0.8617586]
[1.3211477e-05]
[0.9963031]
[0.99999416]
[0.99887085]
[0.9999947]
[0.08371067]
[0.9999918]
[0.9999832]
[0.00044116]
[0.00039795]
[0.99998164]
[0.99937654]
[0.996081]
[0.9999577]
[0.90016]
[0.98418045]
[0.9998543]
[0.9996457]
[0.964031]
[0.00109151]
[0.00019097]
[0.99936897]
[0.99970144]
[0.9999918]
[0.9999895]
[0.9997537]
[0.9996656]
[0.08640456]
[0.9369454]
[0.9999984]
[0.9191599]
[0.9999913]
[0.9998282]
[2.3276085e-05]
[0.0081687]
[0.99941915]
[0.00026706]
[0.96225643]
[0.00406027]
[0.34037048]
[0.54630333]
[0.9995158]
[0.99998206]
[0.99999505]
[0.9631565]
[0.02967319]
[0.96855897]
[0.00063735]
[0.9999779]
[0.01621047]
[0.99997365]
[0.9728596]
[0.46180445]
[0.00153708]
[0.24472779]
[0.99996996]
[0.9974241]
[0.0005632]
[0.99593115]
[0.6042143]
[0.38251776]
[0.99971783]
[0.999824]
[0.99980605]
[0.99996305]
[0.99998945]
[5.357179e-07]
[0.15932912]
[0.9989233]
[0.9996923]
[6.257723e-06]
[0.9999248]
[0.9001107]
[0.9995074]
[0.9997939]
[0.99993753]
[0.9997531]
[0.9998276]
[0.00582603]
[0.9958152]
[0.686208]
[0.8701669]
[0.00089607]
[0.00825283]
[0.01139307]
[0.8553506]
[0.99871504]
[0.99822783]
[1.1256008e-05]
[0.9999722]
[1.7499377e-05]
[0.00049412]
[0.9990231]
[0.99995166]
[3.835397e-05]
[0.9985404]
[0.99999654]
[0.997463]
[0.98103607]
[0.9998778]
[0.02980265]
[0.00011156]
[0.9974083]
[0.00110281]
[9.703637e-06]
[0.00011798]
[0.99996066]
[0.9999907]
[0.99998856]
[0.9019577]
[0.9743756]
[3.9551214e-06]
[3.6076807e-07]
[0.99947417]
[0.86244816]
[9.799275e-06]
[0.73900723]
[0.99567556]
[0.99976194]
[0.95377946]
[0.30907342]
[0.6471394]
[2.3391754e-05]
[0.25918362]
[1.8799271e-06]
[4.5871482e-05]
[0.9982722]
[0.99993443]
[0.99980044]
[0.98812914]
[0.9999676]
[0.9999658]
[0.9997355]
[0.1863608]
[0.00362521]
[0.03858963]
[0.9999962]
[0.9999884]
[0.994678]
[0.99877167]
[0.9998573]
[1.4557295e-06]
[0.55294573]
[5.1248326e-06]
[0.8971331]
[5.932699e-06]
[0.99966455]
[0.9997077]
[0.11343881]
[0.97636163]
[0.99999046]
[0.9999957]
[0.6955009]
[0.99999547]
[0.9999906]
[5.2556163e-05]
[0.99385715]
[0.00048134]
[0.9994124]
[0.00017533]
[0.360183]
[0.99977005]
[0.99998283]
[0.999966]
[0.06213138]
[0.99916387]
[0.9761015]
[0.99999356]
[0.9958117]
[0.9675283]
[0.99108064]
[5.9606267e-05]
[0.01850009]
[0.11116728]
[0.9903574]
[0.999302]
[0.99166536]
[0.06841791]
[0.00097731]
[0.03706497]
[0.74841774]
[0.9359487]
[0.05316827]
[0.99160373]
[0.99929035]
[0.99964094]
[0.9940996]
[0.99933136]
[0.6841644]
[0.9861514]
[0.99964035]
[0.99991035]
[0.9999975]
[0.99371684]
[0.9996605]
[0.9998864]
[0.95423454]
[0.00757143]
[0.9998851]
[0.43880376]
[0.5413307]
[1.2723912e-06]
[0.9999968]
[0.99485695]
[0.9999399]
[3.9978884e-05]
[0.99962056]
[0.9326333]
[0.00124931]
[0.00016782]
[0.21865168]
[0.8768618]
[0.9603303]
[9.232589e-07]
[0.9410243]
[0.00346825]
[0.0156965]
[0.9985665]
[0.9790452]
[0.00770777]
[0.9999777]
[0.99968916]
[0.9999389]
[0.99999344]
[0.99811244]
[0.9982768]
[0.2999062]
[0.8474452]
[0.01679426]
[0.9997475]
[0.16982406]
[0.00082064]
[0.9999927]
[0.12593454]
[0.9991887]
[0.777375]
[0.9999692]
[0.33421]
[0.9788064]
[0.9410243]
[0.0156965]
[0.99395555]
[0.16402194]
[0.28087825]
[0.999976]
[0.99999475]
[2.5706831e-06]
[0.9999641]
[0.00726953]
[0.9917563]
[1.2548892e-05]
[0.96758485]
[0.9999958]
[6.602596e-05]
[0.999758]
[0.9937632]
[1.8320065e-05]
[0.99998105]
[0.9999861]
[0.9999715]
[0.9959035]
[0.99951255]
[0.98377025]
[0.99972963]
[0.00153056]
[0.99999285]
[0.99928486]
[0.9999912]
[0.00071666]
[0.99998564]
[0.3318679]
[1.4258262e-06]
[2.586376e-05]
[0.00041279]
[0.99998784]
[0.00192523]
[0.08512732]
[0.99216115]
[0.03907755]
[0.9999121]
[0.99996173]
[0.92285967]
[4.9071008e-05]
[0.01033315]
[7.7279446e-07]
[0.99999017]
[7.8819284e-07]
[0.99999475]
[0.21367386]
[0.99999106]
[3.8368107e-06]
[0.7510681]
[1.5089154e-06]
[0.9999814]
[0.9341459]
[0.98964226]
[0.05690864]
[3.234475e-05]
[0.01104382]
[0.9999813]
[0.40733057]
[0.9999256]
[6.6124485e-06]
[2.462357e-06]
[7.2451285e-06]
[0.9998587]
[0.01449692]
[1.284493e-06]
[1.9804927e-06]
[0.999987]
[0.0001258]
[5.1899424e-06]
[0.99523723]
[5.524918e-06]
[0.00033882]
[0.99999547]
[0.9999501]
[0.9999074]
[0.3473711]
[0.99954]
[0.9997191]
[0.25704473]
[0.9988954]
[0.9912889]
[0.00027654]
[0.9997293]
[1.8415909e-06]
[0.5636699]
[0.87044084]
[0.00021222]
[0.9999425]
[1.79865e-07]
[5.1332485e-05]
[0.98865604]
[4.487986e-07]
[2.0921782e-06]
[0.01072037]
[3.185371e-05]
[0.96033514]
[0.5909968]
[0.99989426]
[0.9966405]
[0.9999688]
[0.9987266]
[0.9981041]
[0.00017539]
[0.43275023]
[0.99997556]
[0.9985903]
[0.14316389]
[0.9998822]
[2.9336421e-05]
[0.99936557]
[0.98728424]
[0.99998146]
[0.9999765]
[0.01432538]
[0.00195223]
[0.95270014]
[0.9997781]
[0.999784]
[0.9988482]
[0.80020124]
[0.00273949]
[0.99991524]
[3.2921787e-05]
[0.9999714]
[0.99996006]
[0.986971]
[0.9939337]
[0.9996738]
[0.9992969]
[9.675983e-07]
[0.9999607]
[0.9999348]
[0.01190782]
[0.9998845]
[2.8699398e-05]
[0.999985]
[0.01973704]
[1.17105155e-05]
[0.12249514]
[0.965828]
[0.9999951]
[0.9992703]
[0.00071213]
[0.9939168]
[0.99317074]
[0.0008463]
[0.6083323]
[0.00106972]
[0.99984694]
[0.03857177]
[0.02726406]
[0.00030485]
[0.24443308]
[0.00010158]
[0.9787011]
[0.99997354]
[1.4454421e-05]
[0.9955822]
[0.00061309]
[0.23716894]
[0.9999913]
[0.4571461]
[0.0246326]
[0.00411448]
[0.989313]
[0.01219434]
[0.99998367]
[0.00043687]
[0.03745672]
[0.9994284]
[0.9853349]
[0.85534036]
[0.98439324]
[0.9999753]
[0.15033054]
[0.00078702]
[0.9993762]
[0.9999957]
[0.00216007]
[0.99975777]
[0.9997196]
[0.9999611]
[0.9999]
[0.9970495]
[1.7907042e-06]
[1.3798917e-06]
[2.2719121e-05]
[0.99995005]
[0.99996626]
[0.8281392]
[2.9750854e-06]
[0.9999261]
[0.9996696]
[0.9811393]
[0.3215469]
[0.9521111]
[0.99999523]
[0.9999925]
[0.01887992]
[8.3735944e-07]
[0.00104219]
[0.9927656]
[1.5186615e-06]
[0.9765363]
[3.574729e-06]
[0.00298223]
[0.9994917]
[5.896467e-05]
[0.82990706]
[0.9999876]
[0.9796243]
[0.7582631]
[9.646044e-06]
[5.6053595e-06]
[0.4386869]
[0.06220344]
[0.99999595]
[0.99865]
[0.99957925]
[0.99999434]
[4.2069614e-06]
[0.01203403]
[0.9998548]
[2.4293811e-05]
[8.045676e-05]
[0.98165554]
[0.775071]
[0.10201457]
[1.7191047e-05]
[0.99992037]
[5.961616e-05]
[0.99996436]
[0.6857283]
[0.18235207]
[0.9009814]
[4.336802e-06]
[0.99916434]
[0.9999862]
[1.2030386e-06]
[0.9999729]
[0.11831835]
[0.97396487]
[0.9997352]
[0.99974996]
[0.99972785]
[0.9999553]
[0.00187755]
[0.9997008]
[0.01447821]
[0.95503885]
[0.00509846]
[0.00810155]
[6.3943065e-05]
[0.1130414]
[0.99743414]
[2.3753403e-06]
[0.9994211]
[0.9999815]
[4.1091234e-06]
[0.00131986]
[0.8139124]
[0.09910116]
[0.999545]
[0.9994388]
[0.26031452]
[0.70567286]
[0.9987041]
[0.99998426]
[0.99964803]
[0.99966025]
[0.08633593]
[0.00352252]
[5.4387715e-07]
[0.999977]
[1.423758e-06]
[0.03470126]
[2.7752236e-05]
[0.6776763]
[0.99999094]
[0.99956197]
[0.9990001]
[1.9653511e-05]
[0.99997926]
[5.4387715e-07]
[1.0838277e-05]
[0.9990436]
[0.9999691]
[0.8077059]
[0.9995787]
[0.00018904]
[0.9999645]
[0.02678615]
[3.225411e-06]
[0.99404764]
[0.85769886]
[6.8511226e-06]
[0.03235576]
[0.9999895]
[3.958074e-05]
[1.5328696e-05]
[0.999815]
[0.00588009]
[0.00808558]
[0.00042242]
[0.08635446]
[8.241907e-06]
[0.9873193]
[0.9999933]
[0.11673731]
[0.4056087]
[0.9999976]
[0.99884915]
[0.99801403]
[0.99897504]
[0.14737454]
[6.196094e-06]
[0.99985945]
[0.997542]
[0.9999523]
[0.662676]
[0.9587521]
[0.00010932]
[0.99935913]
[9.4426005e-06]
[2.635517e-05]
[0.99995697]
[0.9637126]
[0.00024995]
[0.00015593]
[0.02428019]
[0.4019989]
[0.99984145]
[0.99991584]
[0.7440263]
[0.9999918]
[0.97845995]
[3.967798e-07]
[0.04003197]
[0.99959743]
[2.898322e-07]
[0.9216083]
[0.00926921]
[8.066243e-05]
[0.06586015]
[0.00011123]
[0.99999714]
[6.821319e-05]
[0.9999724]
[0.9940872]
[0.9999958]
[0.00092325]
[0.7051152]
[0.00594342]
[0.6994493]
[0.99938786]
[0.949382]
[0.05406117]
[0.44204885]
[0.9998472]
[0.53383833]
[0.9981379]
[1.0459125e-05]
[0.9999858]
[0.99989057]
[0.70741844]
[0.993834]
[0.99997616]
[0.984666]
[0.99990803]
[0.9952805]
[0.0042403]
[0.8274795]
[0.99933475]
[0.999681]
[0.00037679]
[0.99920607]
[0.7208794]
[0.9980974]
[0.00463775]
[0.9941753]
[0.9998827]
[5.2191945e-07]
[0.99998754]
[0.00123248]
[0.9999724]
[6.1132114e-06]
[6.4799524e-06]
[0.842324]
[8.833919e-05]
[0.99999374]
[0.61338705]
[0.9942044]
[0.9984137]
[0.96556604]
[1.2452797e-06]
[5.9839105e-05]
[0.9999745]
[0.29424033]
[0.99916303]
[8.102003e-06]
[0.9930437]
[0.0189676]
[0.999515]
[0.9998363]
[0.99997157]
[0.9933597]
[0.8861588]
[8.077074e-05]
[0.00010748]
[0.9999907]
[0.033162]
[0.9533174]
[0.989061]
[0.99999416]
[1.1078964e-05]
[0.0002881]
[0.97718316]
[0.9253093]
[0.99932975]
[0.9999864]
[0.9998652]
[0.99999416]
[0.9959302]
[0.02982107]
[0.9999546]
[0.00088015]
[0.99993074]
[0.9976516]
[0.99967825]
[0.9633566]
[2.1688786e-05]
[0.00026575]
[0.43202424]
[0.00026196]
[0.9998151]
[0.9997532]
[0.9998157]
[0.97227085]
[0.00091758]
[0.9999895]
[5.011784e-05]
[0.9999895]
[7.250869e-07]
[0.9792602]
[0.01992217]
[0.99997085]
[0.996765]
[0.9881413]
[0.9999853]
[0.99848723]
[6.5674876e-06]
[0.99999523]
[1.3796234e-06]
[0.9712317]
[0.8713993]
[0.00052655]
[0.9970942]
[0.998269]
[0.9921855]
[0.7952948]
[0.70505965]
[0.00053313]
[0.06239563]
[0.06239563]
[0.06745601]
[0.99999475]
[0.99999666]
[0.01478606]
[0.9991467]
[0.9999933]
[0.98742235]
[0.8308798]
[0.99963725]
[0.99992335]
[0.6203476]
[0.9997647]
[0.9997837]
[1.0271335e-05]
[0.9999583]
[1.3010826e-06]
[0.9987425]
[0.99972844]
[0.99982756]
[0.16839764]
[0.9991994]
[0.9998661]
[4.8797956e-05]
[0.03233564]
[0.03131908]
[3.8732054e-05]
[0.9945325]
[7.098625e-05]
[3.287228e-05]
[0.99798703]
[0.9993086]
[0.99969006]
[0.9871237]
[2.4931094e-05]
[0.34864253]
[0.0007503]
[0.9988686]
[0.9994936]
[0.99993277]
[0.00011039]
[1.4115262e-05]
[0.999904]
[0.00029922]
[3.0542353e-06]
[0.03713107]
[0.99981177]
[0.99998343]
[0.9846426]
[5.691875e-07]
[0.08272418]
[0.99636006]
[0.01376137]
[0.99920845]
[0.99996936]
[0.9999269]
[0.00459108]
[0.91913384]
[0.45536476]
[0.9998096]
[0.8006028]
[3.0424208e-06]
[0.9995097]
[0.01644024]
[3.3018445e-05]
[0.9991927]
[0.9840714]
[0.9989398]
[0.9756988]
[0.00032347]
[0.99983907]
[0.02179185]
[0.00722027]
[0.87802446]
[0.45536476]
[0.99966925]
[0.99996185]
[0.9999414]
[0.999988]
[0.9456575]
[0.03713107]
[0.99414086]
[0.9999677]
[4.4230715e-06]
[0.04253533]
[0.92626226]
[0.9980141]
[0.00053093]
[7.05536e-06]
[0.0001944]
[1.4360958e-07]
[0.9999392]
[0.9996004]
[1.0675192e-05]
[0.99995136]
[0.99983907]
[1.3850852e-06]
[0.9996812]
[0.9496362]
[0.9455713]
[0.9999362]
[0.892434]
[0.99997926]
[0.9998618]
[0.9999815]
[0.99991435]
[0.9996227]
[0.19366273]
[0.00720012]
[0.9787694]
[0.99978185]
[0.9965358]
[0.98798513]
[0.9999194]
[0.73686934]
[0.26823336]
[0.04519552]
[0.9996904]
[1.1287692e-06]
[0.9985426]
[6.2746796e-05]
[0.9809431]
[0.00081041]
[0.99988425]
[0.9950396]
[0.9993814]
[0.44528374]
[0.99971354]
[0.30572748]
[0.9999945]
[0.9984673]
[0.99995625]
[0.00421742]
[0.00014901]
[0.33645117]
[0.9988309]
[8.668411e-05]
[0.00015083]
[0.99756277]
[0.2226499]
[0.9687913]
[1.1422726e-05]
[2.0885082e-06]
[2.3591525e-05]
[0.99993145]
[0.03160292]
[0.9999962]
[8.953778e-06]
[0.77962804]
[0.99997395]
[0.99964845]
[0.9982486]
[0.89438426]
[0.87667274]
[0.00040907]
[0.9999455]
[0.08263811]
[0.9999956]
[0.43285644]
[0.5983083]
[0.00449902]
[0.99980843]
[0.10333687]
[0.00040907]
[0.99995995]
[0.00022164]
[2.8137524e-06]
[0.9815151]
[0.00012764]
[0.98634124]
[0.9212501]
[0.9999862]
[0.9999575]
[0.9999926]
[0.9982574]
[0.62428254]
[0.00019905]
[0.99998415]
[0.9999269]
[0.9999801]
[0.00579774]
[0.9997817]
[0.9997953]
[0.7661016]
[0.99995756]
[0.9997152]
[4.0831364e-05]
[0.999997]
[6.45625e-07]
[0.94054526]
[0.9976893]
[0.999814]
[0.99898326]
[0.87394667]
[0.046783]
[0.9999887]
[0.9816711]
[0.00679582]
[0.9996598]
[8.209869e-06]
[0.00017592]
[0.9994886]
[0.9998622]
[0.9795042]
[2.4620094e-06]
[0.9999931]
[0.99999326]
[4.0983552e-05]
[1.5589372e-05]
[0.99901]
[0.77916944]
[0.9999267]
[0.99997413]
[0.9433166]
[0.7953253]
[2.9509479e-06]
[0.94321597]
[1.3176761e-05]
[0.9993932]
[0.01962179]
[0.00155845]
[0.999997]
[0.9998498]
[0.99851143]
[0.9999858]
[7.511552e-06]
[5.7425046e-07]
[0.99732685]
[5.1214274e-06]
[0.9999906]
[0.99698275]
[0.06426454]
[0.9527612]
[0.999984]
[0.99997354]
[0.9999549]
[0.9882506]
[0.9999805]
[4.791241e-06]
[0.99999404]
[0.9999112]
[0.74966574]
[0.00410458]
[0.98045194]
[0.99999535]
[0.9998251]
[0.5096007]
[0.99998164]
[0.15704224]
[0.99590933]
[0.98176146]
[0.00099215]
[0.01630983]
[0.999408]
[0.3390959]
[0.11660746]
[0.00048685]
[0.9644021]
[1.7976657e-07]
[0.15644231]
[0.63676405]
[0.9999843]
[0.99998033]
[1.325352e-06]
[0.0045346]
[0.0149408]
[0.90369123]
[0.8660095]
[2.7227763e-05]
[0.00138918]
[0.9999464]
[0.00076842]
[4.8685024e-06]
[1.9025163e-05]
[0.99999535]
[0.6053926]
[0.9999464]
[0.00079763]
[0.99999154]
[0.99932903]
[0.9991447]
[0.990538]
[0.00017616]
[0.07561126]
[0.9999957]
[2.7424412e-05]
[0.9999708]
[7.218576e-06]
[0.00010463]
[0.9994725]
[5.216721e-07]
[0.9985311]
[0.10267645]
[0.02225792]
[0.00010882]
[0.97562253]
[0.11731657]
[0.13862726]
[0.9999018]
[0.34527123]
[0.00385821]
[0.99998975]
[0.9999876]
[0.22077334]
[0.9918469]
[0.9999907]
[0.18003201]
[0.9999925]
[0.00104317]
[0.9998521]
[0.9969549]
[0.00106171]
[0.9937713]
[0.9999258]
[0.33451304]
[0.9999784]
[0.99568903]
[0.99995166]
[0.9999497]
[0.19022247]
[0.99559426]
[0.99983025]
[0.9999721]
[0.9999913]
[0.9227103]
[0.99962723]
[0.9999926]
[0.00419477]
[0.00240651]
[0.99675465]
[0.99999404]
[0.99963635]
[0.99990785]
[0.06139389]
[0.999954]
[0.99965054]
[0.97926414]
[0.9912919]
[0.9999936]
[0.9999944]
[0.06379452]
[0.9999675]
[0.8419682]
[0.99732447]
[0.99980474]
[7.731214e-06]
[7.714375e-05]
[0.9925284]
[4.272071e-06]
[0.9861299]
[0.39628854]
[0.9999654]
[0.99720705]
[0.9997923]
[0.99879634]
[0.8696288]
[0.99995446]
[0.9980302]
[0.9987375]
[0.99926853]
[3.4817964e-07]
[0.00331467]
[0.92189485]
[0.99972063]
[0.25931212]
[0.999212]
[0.9735214]
[0.07393456]
[8.797796e-06]
[0.99998426]
[0.99998677]
[0.99762464]
[0.00022799]
[4.6577925e-06]
[0.00130334]
[2.3662524e-05]
[0.99991274]
[0.99926853]
[1.1452596e-06]
[0.19220206]
[4.1499763e-07]
[0.99997926]
[0.0158819]
[0.8533226]
[0.94151485]
[4.6577925e-06]
[0.00766104]
[0.1170533]
[0.00088882]
[0.9999349]
[0.00398451]
[0.89686257]
[0.7056855]
[0.9999668]
[0.6702789]
[0.9995756]
[0.99999416]
[0.9999945]
[0.99783134]
[0.9985976]
[0.9998371]
[0.99973077]
[0.00035486]
[0.9117516]
[0.9999006]
[0.99998045]
[0.920294]
[0.8603554]
[0.00027475]
[0.9982734]
[0.67280924]
[0.931046]
[0.999987]
[0.17215267]
[0.96147954]
[0.21536559]
[0.00051787]
[0.99977624]
[0.9999255]
[0.99997735]
[0.9999995]
[0.00027111]
[0.00783899]
[0.9999707]
[0.9970118]
[0.06822866]
[0.30378887]
[0.99947345]
[0.9997963]
[0.99988866]
[6.229407e-05]
[0.9997606]
[0.34742114]
[0.8791256]
[0.9996076]
[0.9853952]
[0.9999902]
[0.999993]
[0.00488001]
[0.9997555]
[0.9999916]
[0.00013605]
[0.9998582]
[0.17260051]
[0.98786306]
[0.9912225]
[0.00221434]
[0.24907261]
[0.9999677]
[0.9999178]
[0.99991405]
[0.9998076]
[9.544422e-05]
[0.00032368]
[0.9999428]
[0.9999931]
[0.9999621]
[0.17260051]
[0.90340614]
[0.00033906]
[0.9990125]
[0.00021052]
[0.9999935]
[0.00227952]
[0.99813324]
[2.7682344e-07]
[0.00741827]
[0.9999883]
[0.6308516]
[0.96800905]
[0.9999738]
[0.9999949]
[0.29266897]
[0.07942954]
[8.537849e-06]
[0.9996578]
[0.99992764]
[0.99999404]
[0.95925474]
[0.04245383]
[0.8703666]
[0.99962956]
[0.99997663]
[0.99995124]
[0.9999193]
[0.99082816]
[0.26914966]
[0.9999391]
[0.9860811]
[2.4496961e-05]
[0.9692404]
[0.99999595]
[0.00069889]
[0.9999974]
[0.9998839]
[0.99522996]
[0.01064146]
[0.99982345]
[0.99894726]
[0.96686864]
[0.99965584]
[0.9999859]
[0.00013566]
[0.9981792]
[0.99311066]
[0.9961614]
[0.0034762]
[0.99997884]
[0.9997076]
[0.9996673]
[0.99920523]
[9.447537e-06]
[0.99600804]
[0.9996309]
[0.00015113]
[0.99999475]
[0.99920535]
[0.9999938]
[0.99984]
[0.9999796]
[0.99965715]
[0.9986815]
[0.9999925]
[0.9982441]
[0.9999151]
[0.9999816]
[0.9996728]
[0.00105017]
[0.99746907]
[0.972852]
[0.9999701]
[0.36077526]
[0.99965215]
[0.99980646]
[0.00190055]
[7.765627e-06]
[0.02768737]
[0.01614171]
[0.99983287]
[0.7571155]
[0.00144705]
[0.98170257]
[0.9999875]
[0.99593866]
[1.03537295e-05]
[0.95761657]
[0.63842314]
[0.69864404]
[0.99995756]
[0.99997807]
[0.8538599]
[0.78274834]
[5.647855e-05]
[0.00350216]
[0.7571155]
[0.00484636]
[0.19736591]
[0.9999985]
[0.05555502]
[0.00037244]
[0.68803823]
[0.9999909]
[1.6632328e-06]
[5.6368997e-05]
[0.99986076]
[0.9999784]
[0.999916]
[0.7311055]
[0.00595403]
[0.99972904]
[0.9968153]
[0.9998787]
[0.99802494]
[0.01141554]
[0.9999901]
[0.00018513]
[0.00316361]
[0.9639456]
[0.7196084]
[0.99982786]
[0.99999124]
[0.81637]
[0.00011081]
[0.99976766]
[0.9999708]
[0.00261346]
[0.01999116]
[0.04303515]
[0.9995147]
[0.98413944]
[0.99996275]
[0.99999404]
[0.9999887]
[1.577379e-06]
[0.9856652]
[0.98488605]
[0.99874157]
[0.99966514]
[0.9999883]
[3.3966837e-05]
[2.0719599e-05]
[0.0014793]
[0.9995518]
[0.9999403]
[0.4406568]
[1.6854074e-07]
[8.034224e-06]
[0.885479]
[0.9999803]
[0.9998535]
[1.0971276e-05]
[0.00098318]
[0.999372]
[0.67113805]
[0.99330235]
[0.9999316]
[0.9999942]
[0.9997853]
[0.99997]
[0.9993521]
[0.99998784]
[0.9998325]
[0.9175216]
[0.97334874]
[0.05662912]
[0.86688113]
[0.98132217]
[0.97864443]
[0.00017491]
[0.6189224]
[0.99705005]
[0.99971455]
[0.9997332]
[2.202376e-05]
[0.03599715]
[0.9999833]
[0.99993736]
[0.97354203]
[0.99993646]
[0.9996806]
[3.044396e-05]
[2.276674e-06]
[0.99979436]
[0.9999875]
[0.99944234]
[0.5804522]
[0.03258619]
[0.9995195]
[0.00390476]
[1.4433558e-06]
[0.99997103]
[0.9997524]
[0.90436375]
[0.19167072]
[0.99888766]
[0.6853094]
[0.00451472]
[1.8543302e-05]
[0.04757473]
[0.99202573]
[0.9997692]
[0.00010922]
[0.999951]
[0.09384778]
[0.9999131]
[0.9989613]
[1.864754e-05]
[0.9999971]
[0.00509489]
[0.2373324]
[9.122298e-06]
[0.9985305]
[0.99901116]
[0.9998164]
[0.05543303]
[0.28852934]
[2.023546e-05]
[0.00031647]
[0.99997854]
[0.9935313]
[0.9937304]
[0.9740325]
[0.0044542]
[0.92072165]
[0.9997015]
[0.9263502]
[0.92845374]
[0.9999162]
[0.99935484]
[2.6516926e-05]
[0.00075075]
[0.9999052]
[0.00284585]
[0.9998805]
[0.999735]
[0.9341612]
[1.3403029e-05]
[0.9957473]
[0.9999697]
[2.2853852e-05]
[0.99996126]
[0.68521047]
[0.00033978]
[0.99811184]
[0.20696941]
[0.9999949]
[0.99990565]
[6.530791e-05]
[0.99961853]
[0.99998736]
[0.99997985]
[0.17798981]
[0.9997817]
[0.99941087]
[0.9982685]
[2.6909627e-05]
[0.909732]
[0.9999959]
[0.9999823]
[0.9999074]
[0.00783202]
[0.9996308]
[0.76326144]
[0.99891615]
[0.99943376]
[0.72690046]
[0.99989104]
[0.6561769]
[0.00030634]
[0.9683151]
[8.29301e-07]
[0.9692813]
[0.99406767]
[0.9839829]
[0.9999037]
[0.98925436]
[0.99910885]
[0.9999856]
[0.9999962]
[1.9376361e-07]
[0.00013509]
[0.99912786]
[0.9999918]
[0.9999522]
[0.00010217]
[0.99999785]
[2.0082036e-06]
[0.02782428]
[1.2794426e-06]
[0.85045683]
[0.9999943]
[0.99746895]
[0.9482965]
[0.7167795]
[0.999997]
[0.99998856]
[0.02559066]
[0.94331616]
[0.1453555]
[0.99848044]
[0.9918139]
[0.99998915]
[0.9995562]
[0.01446778]
[0.05362511]
[0.9922961]
[0.99998534]
[0.00250638]
[0.99998796]
[0.9575015]
[0.9393959]
[2.1655335e-06]
[0.9999682]
[0.99578446]
[0.10747707]
[0.96670437]
[0.972003]
[0.1037949]
[6.099759e-06]
[5.703514e-05]
[0.99982995]
[0.02098465]
[0.7580732]
[0.999989]
[0.99998796]
[2.9000114e-07]
[0.9991867]
[0.9999525]
[0.99504256]
[9.290654e-07]
[0.00061414]
[0.9999896]
[5.703514e-05]
[0.99998176]
[0.9989874]
[0.05631489]
[0.99974555]
[0.00019664]
[9.896477e-06]
[0.9488647]
[0.99981135]
[0.88064206]
[0.999985]
[2.8363593e-06]
[4.9820164e-06]
[0.00094682]
[0.9999882]
[0.9715935]
[0.9999607]
[0.999419]
[0.99999714]
[0.39296436]
[0.9357402]
[0.9986378]
[0.99955726]
[3.952972e-06]
[0.99995613]
[0.06962645]
[0.9966959]
[0.9999935]
[0.9997747]
[0.32225457]
[0.9999938]
[0.01703554]
[0.9964952]
[4.3477112e-07]
[0.00192904]
[0.9996165]
[0.97109365]
[0.9992001]
[0.99977016]
[7.305446e-05]
[0.00587696]
[0.99953306]
[0.9983557]
[0.67416394]
[0.67216355]
[0.0016301]
[0.00484166]
[0.9930438]
[0.99998367]
[0.99960816]
[0.9861604]
[0.9998586]
[0.99998677]
[0.00100505]
[0.00061479]
[0.24077997]
[0.99883187]
[0.9999411]
[2.1703695e-06]
[0.9981501]
[0.9983196]
[0.99941885]
[0.99995524]
[0.23007932]
[6.5979475e-06]
[0.06217116]
[0.9956267]
[0.01238897]
[0.9989535]
[0.9660337]
[0.13462964]
[0.9574057]
[0.9717982]
[0.95880723]
[0.99997413]
[0.0003908]
[0.9891693]
[0.927172]
[1.944543e-05]
[1.6768205e-05]
[0.99869424]
[0.99999714]
[0.02595949]
[0.03131098]
[1.43022435e-05]
[0.39843202]
[0.9998774]
[0.9999678]
[0.99929285]
[0.99994546]
[0.9999521]
[0.99960697]
[0.17498106]
[0.99676216]
[0.99941033]
[0.08681273]
[0.99899554]
[0.9986128]
[0.99879736]
[1.976942e-05]
[0.9999154]
[0.06165266]
[0.10020256]
[1.9859028e-05]
[0.9997339]
[0.999992]
[4.9958526e-06]
[0.9999945]
[0.37920076]
[0.9951686]
[0.01230803]
[9.4421914e-05]
[0.99651706]
[0.99983454]
[0.999988]
[2.0321617e-05]
[0.5249368]
[0.99999654]
[0.00063372]
[0.00026211]
[0.9999708]
[0.99990034]
[0.9999938]
[0.9999846]
[0.06819269]
[9.806823e-07]
[0.999995]
[0.999976]
[0.99930215]
[0.71248555]
[0.00535461]
[0.99941266]
[0.9994817]
[0.9999946]
[0.9691096]
[0.05574492]
[0.94653404]
[0.99969137]
[0.00011904]
[0.99885875]
[9.205966e-07]
[2.5380846e-06]
[0.9999278]
[0.01388288]
[0.9997977]
[0.9999441]
[5.3075387e-06]
[0.0046955]
[0.99994457]
[0.9995527]
[0.9995918]
[0.9997865]
[0.5600762]
[0.94138736]
[0.99979794]
[0.02769244]
[0.99988306]
[0.98907804]
[0.99947834]
[0.92241216]
[0.99998844]
[0.99999404]
[0.9907534]
[0.00054914]
[0.9999902]
[0.02538872]
[0.8758781]
[0.00183228]
[0.9999918]
[0.99517524]
[0.9994662]
[0.99988824]
[0.99811494]
[0.9999734]
[0.999418]
[0.8800473]
[0.9999914]
[0.9999822]
[0.9997181]
[0.9852475]
[0.61160964]
[0.999544]
[0.00208095]
[0.9999924]
[1.0082895e-05]
[0.9999968]
[0.9984509]
[0.00022623]
[0.96559894]
[0.99998665]
[1.6205282e-05]
[0.005225]
[0.99616235]
[0.62980837]
[0.99998087]
[0.99868524]
[0.77697647]
[0.00339493]
[0.999941]
[2.3324748e-05]
[0.9959309]
[0.00145084]
[0.9995698]
[0.97177994]
[0.0013555]
[0.99987245]
[0.99994624]
[1.2237662e-05]
[0.98336977]
[0.32562438]
[0.7795377]
[5.164951e-05]
[0.99991715]
[0.9999037]
[0.9999937]
[0.95835626]
[0.01170301]
[0.9555694]
[0.99994624]
[0.9999772]
[0.99991715]
[5.8572627e-05]
[0.99947333]
[0.998536]
[5.7156296e-05]
[0.0035066]
[0.9999974]
[0.00067335]
[0.03132987]
[0.99984574]
[0.09352881]
[0.979154]
[0.946059]
[0.9998741]
[0.12133488]
[0.14558381]
[0.99997044]
[0.99979323]
[0.99755585]
[4.3006752e-05]
[0.9962235]
[8.135029e-07]
[2.3798446e-05]
[0.9047431]
[0.9999968]
[6.507089e-06]
[0.6118431]
[0.18760276]
[0.99971926]
[0.99995834]
[0.00014979]
[0.40830812]
[0.20905581]
[9.29197e-06]
[0.99980956]
[0.99859047]
[0.9999802]
[0.9999887]
[4.2136529e-07]
[0.99996805]
[1.249417e-06]
[0.9995949]
[0.09587967]
[0.99999285]
[0.4938385]
[0.63946426]
[0.00042498]
[0.67059344]
[0.9998794]
[1.3599005e-05]
[0.81136453]
[0.20779878]
[0.9999925]
[3.2157332e-06]
[0.00040004]
[0.9995973]
[0.9314747]
[0.9926734]
[2.9508425e-05]
[0.00010366]
[0.13948652]
[0.03184485]
[1.5523414e-05]
[0.00085509]
[1.2682135e-05]
[0.999907]
[0.999988]
[0.00043046]
[0.9979208]
[0.9999857]
[0.9999682]
[0.60150677]
[0.9999788]
[0.00024927]
[0.99929655]
[0.2069408]
[4.7262467e-05]
[0.84699005]
[0.99922657]
[0.5073139]
[0.66871524]
[0.9998708]
[0.9381807]
[0.999974]
[0.99854875]
[0.9994507]
[0.9410205]
[0.9410205]
[0.9997327]
[4.5980296e-06]
[0.9963068]
[8.357642e-06]
[0.62569505]
[0.99993086]
[0.00849259]
[0.84479666]
[0.9977939]
[6.534635e-07]
[0.9995837]
[1.6786766e-05]
[0.00851762]
[0.00037253]
[0.98890173]
[0.99897003]
[6.626488e-06]
[0.96285236]
[0.9984907]
[0.97678375]
[0.00039151]
[0.00204456]
[1.8630459e-05]
[4.012558e-06]
[0.958674]
[0.00035319]
[0.9972067]
[0.8708871]
[0.9999374]
[1.0189881e-06]
[1.059299e-06]
[1.0413477e-06]
[0.9984108]
[0.99998116]
[0.99997044]
[0.9999238]
[0.00150231]
[1.5393445e-05]
[0.9999678]
[0.99358916]
[0.99892646]
[0.00026381]
[0.3071122]
[0.99962115]
[9.225328e-05]
[0.00048143]
[0.99183995]
[0.00081041]
[0.99962413]
[0.0061667]
[9.848503e-07]
[0.04718587]
[0.99999535]
[0.5854334]
[0.99991554]
[0.99957645]
[0.00104704]
[0.00033846]
[0.00594428]
[0.9981698]
[0.03996301]
[0.0002661]
[6.2866826e-07]
[0.00065067]
[0.99967253]
[0.9999897]
[0.14318278]
[8.400578e-06]
[4.895027e-07]
[0.00011079]
[0.0007543]
[0.00073135]
[0.9999446]
[0.93357193]
[0.9988879]
[1.2811661e-05]
[0.10257331]
[0.97978497]
[0.99999684]
[0.99956083]
[0.99585843]
[0.993795]
[0.00015533]
[0.9999478]
[0.99990976]
[0.9987839]
[0.99940705]
[0.9998301]
[0.9999753]
[0.13357499]
[0.9995899]
[0.999991]
[0.00113177]
[1.4304167e-05]
[0.0001545]
[2.1168826e-06]
[0.9999805]
[0.99965644]
[0.00018859]
[0.99999243]
[0.8791288]
[0.9817298]
[6.355298e-06]
[0.00076327]
[0.00128666]
[4.1274907e-05]
[0.99955297]
[0.37484193]
[0.00610021]
[0.07502931]
[0.00229043]
[0.9993832]
[0.59244025]
[0.39483902]
[0.99932027]
[0.00350657]
[0.00281793]
[6.8039685e-06]
[0.9417262]
[0.99967575]
[0.16040471]
[1.8697197e-06]
[0.6494479]
[0.7553668]
[0.9999552]
[0.9266962]
[0.9999962]
[0.9841697]
[0.99999404]
[0.9999957]
[0.9996753]
[0.721903]
[1.1689332e-06]
[0.99987864]
[3.2375086e-05]
[1.5469088e-05]
[0.9999928]
[0.6507209]
[0.9999608]
[0.09981108]
[0.53260994]
[3.0237019e-05]
[0.9998611]
[7.970577e-06]
[0.83578944]
[0.18687615]
[0.02256089]
[0.9989277]
[0.9980321]
[0.9829388]
[0.999958]
[0.9981433]
[0.9997041]
[0.99999595]
[0.00372219]
[0.00807965]
[0.99911034]
[0.998227]
[2.4941059e-05]
[0.5900249]
[0.02728355]
[0.99996495]
[0.9945675]
[0.00782806]
[0.93526506]
[0.00054485]
[0.9981165]
[0.00022745]
[0.98811245]
[0.9999573]
[0.8691884]
[0.6364492]
[0.9790299]
[0.02139607]
[0.65124327]
[0.99155295]
[0.0001379]
[0.9999969]
[9.653775e-06]
[0.9779725]
[0.0038138]
[0.8948083]
[0.9997888]
[7.633146e-06]
[0.9994847]
[1.4492503e-05]
[0.99976265]
[1.3322114e-06]
[0.9994847]
[0.11517256]
[0.99971]
[1.3331303e-06]
[0.9999282]
[0.9998095]
[0.99999416]
[0.16407517]
[0.9999884]
[0.78783953]
[0.00015625]
[0.00376591]
[0.99994725]
[0.7972003]
[1.5659944e-05]
[1.4139702e-05]
[0.9998802]
[0.8784645]
[0.99748045]
[0.14125347]
[0.87899995]
[0.00029197]
[0.00069964]
[9.462072e-06]
[0.9999932]
[0.0023478]
[0.99996096]
[0.01036909]
[0.4359237]
[0.00059336]
[1.5058154e-05]
[0.92987585]
[0.35537606]
[0.17765266]
[0.00013414]
[0.600728]
[1.0675874e-05]
[0.99604875]
[0.00013414]
[0.00203973]
[0.7543236]
[0.9999973]
[0.15786535]
[0.00547221]
[0.99010074]
[2.6070016e-05]
[0.00246677]
[0.48298883]
[0.0160186]
[0.99931157]
[0.9999938]
[8.834702e-07]
[1.7009426e-05]
[0.99999034]
[0.99988693]
[0.9988379]
[0.95418316]
[0.06874514]
[1.19442175e-05]
[0.9999261]
[0.00046375]
[2.6319627e-05]
[0.9995216]
[0.99751496]
[0.825096]
[0.99987185]
[0.9999963]
[0.38706288]
[0.95103866]
[0.9921949]
[0.9992922]
[0.99956787]
[0.02971551]
[0.32078606]
[0.99860024]
[1.3867327e-05]
[0.12853152]
[0.63337237]
[0.95241964]
[0.9998696]
[0.96671474]
[0.99994725]
[0.999907]
[0.9999917]
[0.99991834]
[0.99997354]
[0.1313887]
[0.00375894]
[0.13683036]
[0.59315133]
[0.9999807]
[0.9999775]
[0.9984554]
[0.99997264]
[0.5328461]
[0.9563156]
[0.99974227]
[0.00137538]
[0.99884176]
[0.999996]
[0.4016973]
[0.99993694]
[0.9997849]
[0.99633586]
[5.1521845e-05]
[0.00249335]
[0.99960566]
[0.00803015]
[7.283137e-05]
[6.3332955e-05]
[0.9995241]
[0.04318804]
[0.99706167]
[1.358132e-06]
[0.9014756]
[0.00143129]
[0.9999081]
[0.9999937]
[8.211353e-05]
[0.9999933]
[0.00012302]
[0.99998003]
[0.9999814]
[0.9999329]
[0.9968662]
[0.99990785]
[0.99998415]
[0.00282127]
[0.9984289]
[0.99961525]
[0.99954104]
[2.925844e-05]
[0.99995905]
[3.2851913e-05]
[0.999871]
[4.2291103e-06]
[0.2815776]
[0.00195897]
[0.00170553]
[0.97930205]
[0.7078888]
[0.87935185]
[0.99894667]
[8.301113e-05]
[0.00501257]
[0.9988848]
[0.05629113]
[0.99999464]
[0.9924932]
[0.99930507]
[0.9998263]
[0.00189605]
[5.3524936e-06]
[0.9999969]
[5.4413995e-06]
[0.00339085]
[0.99952865]
[3.766605e-05]
[0.01910412]
[0.9999919]
[0.9999454]
[0.00021672]
[0.9986835]
[0.99994785]
[0.99979854]
[0.99062234]
[0.11226949]
[0.99992573]
[0.9999422]
[0.9997399]
[0.9999269]
[0.99996096]
[0.8688903]
[0.9999893]
[1.6990401e-06]
[1.2502752e-06]
[0.99913573]
[0.23010775]
[0.8043649]
[0.84459084]
[0.99961627]
[0.9919287]
[0.00048062]
[0.0097706]
[0.99952394]
[0.999803]
[0.99996185]
[0.02375704]
[0.99910533]
[6.3556126e-06]
[0.8966652]
[5.3034026e-05]
[0.99999404]
[0.9999887]
[3.1890622e-06]
[0.00180879]
[0.99989116]
[0.98946345]
[0.9997202]
[0.02432686]
[0.9999769]
[8.267102e-05]
[0.99996185]
[0.99986625]
[0.89154077]
[0.9828663]
[0.99994445]
[0.9991399]
[0.99990547]
[0.8441293]
[0.9996772]
[0.9991399]
[0.9996575]
[0.99604344]
[0.00041416]
[0.99999785]
[1.793036e-05]
[3.66742e-05]
[0.9983211]
[0.9999826]
[0.00030649]
[0.9993676]
[0.79136693]
[0.99483705]
[0.99997234]
[0.8759655]
[0.9996269]
[0.99775445]
[0.00345376]
[0.9998249]
[0.99999726]
[0.9998494]
[0.93306196]
[0.00041416]
[0.75532883]
[0.9854735]
[0.5304539]
[0.9841671]
[0.99488145]
[0.0087755]
[3.2184544e-06]
[0.00015661]
[0.99997884]
[0.99483705]
[0.9936258]
[0.9874783]
[0.21367422]
[0.00018847]
[0.00115913]
[0.00089613]
[5.252976e-05]
[0.93306196]
[0.7355935]
[0.9854735]
[0.9999924]
[0.7917329]
[0.99999875]
[0.9936844]
[0.9849435]
[1.2431635e-05]
[0.0087755]
[0.99999475]
[2.2947675e-05]
[0.54253036]
[0.99832135]
[0.99998665]
[0.33026677]
[0.01382348]
[0.06262019]
[0.00089613]
[0.08715436]
[0.9988482]
[0.99999404]
[0.99999464]
[0.99998224]
[0.99999505]
[0.9999871]
[0.0296329]
[0.9165373]
[0.02761298]
[0.99976254]
[9.088263e-05]
[3.672148e-05]
[0.99105024]
[0.8799767]
[1.1660501e-05]
[0.02182609]
[0.00245985]
[0.9999939]
[0.9810232]
[0.9999665]
[0.99938977]
[0.0001228]
[0.9849242]
[0.01152062]
[0.9919985]
[0.00218678]
[6.734622e-06]
[0.9802712]
[3.612611e-05]
[0.9997866]
[0.93966305]
[0.94741535]
[0.9999925]
[0.9999755]
[0.9999869]
[0.06074235]
[0.99934256]
[5.331629e-05]
[2.3278815e-05]
[0.99997795]
[0.99999464]
[0.9985514]
[0.98252165]
[0.00455782]
[0.00075141]
[0.00057584]
[0.99955666]
[0.800846]
[0.99998593]
[0.99991786]
[0.00029758]
[0.00454041]
[0.99991435]
[0.90665996]
[0.00283673]
[0.99858093]
[0.99999666]
[0.9999577]
[0.00227427]
[0.999993]
[0.00286824]
[0.999797]
[0.90665996]
[6.5278114e-06]
[0.9999956]
[7.6719016e-07]
[0.39018795]
[0.99999666]
[0.0006642]
[0.9999659]
[0.00010302]
[0.36048156]
[0.00036526]
[0.24777815]
[0.9967873]
[0.99990237]
[0.43434793]
[0.9898582]
[4.454802e-05]
[0.9989052]
[0.3347181]
[0.9600688]
[0.9479853]
[0.9963906]
[0.9990468]
[0.99999]
[0.9999849]
[0.38956612]
[2.6897618e-05]
[0.9999942]
[0.99980533]
[0.00127631]
[0.9999964]
[0.99937993]
[0.9499682]
[0.99999756]
[0.04868588]
[0.9863484]
[0.00010743]
[0.9957704]
[0.9999771]
[0.9997555]
[0.99554276]
[0.9927435]
[2.2537504e-05]
[0.9950161]
[0.99995303]
[0.999968]
[0.9947309]
[0.24523273]
[0.97619987]
[0.9999853]
[0.9999909]
[0.7050202]
[0.99984795]
[0.99998885]
[0.00018016]
[6.3054584e-05]
[0.999968]
[0.9996369]
[0.99976474]
[0.99494195]
[6.096982e-05]
[3.3316833e-06]
[0.9964136]
[0.9958739]
[0.9998255]
[0.9999924]
[1.3834014e-05]
[0.9976036]
[0.9999772]
[0.0175285]
[4.500201e-05]
[0.99996305]
[0.00091496]
[0.99999505]
[0.9977018]
[6.796452e-06]
[0.9999602]
[0.9999602]
[0.99931943]
[0.98773986]
[0.98773986]
[0.9999728]
[3.2093527e-07]
[5.251225e-06]
[0.9999815]
[0.9954865]
[6.302555e-05]
[0.9993628]
[0.9999021]
[0.9984981]
[0.9978639]
[0.00017387]
[6.104522e-07]
[0.99972427]
[0.999926]
[0.9997541]
[1.0626848e-06]
[0.99854374]
[0.99040246]
[0.9814936]
[3.9584797e-06]
[0.9993136]
[0.99972427]
[0.99999285]
[0.26955694]
[0.9912299]
[0.00659445]
[0.9999963]
[0.9999926]
[0.06836578]
[0.9993005]
[0.999941]
[0.99981284]
[0.00332698]
[5.7073476e-06]
[0.00035596]
[0.9996953]
[0.99697185]
[0.9494193]
[0.9998914]
[7.827519e-06]
[0.00025493]
[0.9989867]
[0.9999571]
[0.999996]
[0.99943024]
[2.7537815e-05]
[1.2650914e-06]
[0.5716695]
[0.53061134]
[0.9999978]
[0.9474947]
[1.3737252e-05]
[0.9999963]
[6.772361e-05]
[0.00018418]
[0.9999678]
[0.9999964]
[0.9256898]
[0.9999615]
[6.013713e-06]
[0.9995284]
[0.9982371]
[0.9999597]
[0.36099428]
[0.999612]
[0.9989809]
[0.09743285]
[0.9999831]
[6.1846413e-06]
[0.9999752]
[0.9999785]
[3.4633981e-06]
[0.8936522]
[0.00125363]
[0.07751924]
[6.675535e-05]
[0.01721531]
[0.9906703]
[0.16576335]
[0.0496397]
[0.99877334]
[0.02006218]
[0.9994904]
[0.49261966]
[0.95842224]
[0.99788064]
[0.39970228]
[0.99580514]
[3.9555795e-05]
[0.0041998]
[0.9996538]
[0.02988768]
[0.9999867]
[0.99000704]
[0.07607162]
[0.9965479]
[0.99996996]
[0.99898183]
[0.996548]
[0.98455065]
[0.8150096]
[0.99996907]
[1.1369423e-06]
[0.53312105]
[0.9918149]
[0.9999622]
[1.3173306e-05]
[0.9999735]
[0.9861183]
[0.99992156]
[0.8489498]
[0.9995586]
[0.33871198]
[1.345378e-05]
[0.47457755]
[0.9999747]
[0.34240693]
[0.99946123]
[0.99996877]
[3.1645e-05]
[0.97320366]
[0.00022182]
[0.99903154]
[0.00129715]
[0.34623998]
[0.9929507]
[2.1452413e-06]
[0.00107828]
[1.3902324e-05]
[0.99510825]
[0.23207834]
[0.97396946]
[3.3164733e-06]
[0.94836426]
[0.94558907]
[0.9112884]
[0.5949924]
[0.05463025]
[0.9962977]
[0.9997176]
[0.8874593]
[0.47630036]
[0.9999979]
[0.0012818]
[0.99958646]
[1.5849042e-05]
[0.85662127]
[0.99906087]
[0.00038731]
[1.7146936e-05]
[0.8497561]
[0.9983]
[0.9995707]
[0.70837456]
[4.1530053e-05]
[0.99997354]
[0.00030321]
[0.1134029]
[0.99953055]
[0.00027522]
[0.9998371]
[0.9409748]
[0.99999464]
[0.01253316]
[0.03596693]
[0.7160711]
[0.999947]
[0.9983692]
[0.7683171]
[0.98592126]
[0.01055008]
[0.9517629]
[0.9889164]
[0.99995416]
[0.99990517]
[0.9153295]
[0.00484541]
[0.98386514]
[0.999997]
[8.029257e-07]
[0.00123101]
[0.17587352]
[0.99999464]
[0.00073442]
[0.9860712]
[0.99985486]
[0.99999213]
[0.9999482]
[0.9999927]
[0.00014699]
[0.00435647]
[0.71753556]
[0.0012818]
[0.01268101]
[0.57323015]
[0.9992754]
[0.9998543]
[0.9991902]
[0.99966085]
[0.9999826]
[0.9999739]
[0.99996054]
[1.2803152e-06]
[0.44043785]
[0.9999961]
[0.99989116]
[3.116525e-06]
[0.9765372]
[6.244887e-06]
[0.06365523]
[5.1135844e-06]
[0.8661423]
[0.99675226]
[1.0484287e-06]
[0.03230119]
[0.34273267]
[4.6445207e-06]
[3.1296508e-06]
[0.9999392]
[0.4003408]
[0.01261613]
[0.7816391]
[0.00085026]
[8.1010415e-07]
[0.42265278]
[0.9926933]
[0.99983656]
[0.9638766]
[0.9999936]
[0.99996996]
[0.9993294]
[0.00813997]
[0.04031056]
[0.6668279]
[0.9999744]
[0.99899405]
[0.9986563]
[0.9998212]
[0.9936017]
[0.9974218]
[0.99870723]
[0.8295734]
[8.0184145e-05]
[1.10055125e-05]
[0.9986237]
[0.88602734]
[0.00970927]
[0.9999859]
[3.7652404e-05]
[0.9999317]
[0.0128659]
[9.450308e-05]
[0.99975324]
[0.9999933]
[0.01681969]
[0.00452518]
[0.65837085]
[0.98919356]
[0.99999255]
[0.9953902]
[0.00589329]
[0.9564377]
[0.09712309]
[0.99999475]
[0.99811363]
[0.00203341]
[0.00103703]
[0.5548963]
[0.8773359]
[6.2345152e-06]
[0.99995977]
[0.20321167]
[2.9685923e-06]
[1.6592451e-06]
[9.820038e-07]
[0.99987805]
[0.00010552]
[0.9755198]
[0.9983908]
[0.57515466]
[0.00026581]
[0.00026581]
[1.4581777e-06]
[0.9997876]
[0.00063774]
[0.99978596]
[1.8907294e-06]
[0.99305576]
[0.99997944]
[0.99956036]
[0.8968289]
[0.9999881]
[0.9996093]
[0.9999955]
[0.00284916]
[1.760887e-06]
[0.33920765]
[0.99996316]
[0.8557006]
[0.03636807]
[0.99934983]
[0.9713888]
[0.0950048]
[0.9958786]
[0.9999872]
[0.99998647]
[0.00017595]
[6.4871216e-07]
[0.00010204]
[0.9749664]
[0.40087822]
[0.9997125]
[0.9997815]
[0.99994206]
[0.99989164]
[0.94220877]
[0.9817124]
[0.9996232]
[0.99999744]
[1.285767e-05]
[0.6384257]
[0.9395977]
[0.9997071]
[0.00031748]
[8.80776e-06]
[0.9999974]
[0.02470857]
[0.9999753]
[0.9773392]
[0.9981754]
[0.99978817]
[0.9950036]
[0.9967866]
[9.6104595e-05]
[6.808814e-05]
[4.7245342e-07]
[1.5669653e-05]
[0.9911245]
