3.8927777777777774
-2.662000000000001
2.778333333333333
2.006
4.376875
5.8374999999999995
7.780000000000001
0.0033333333333332624
-1.9940000000000002
6.089130434782609
无效
1.3366666666666664
3.16157894736842
7.5015
2.002
2.858571428571428
5.8374999999999995
6.670000000000002
2.3107692307692314
0.5583333333333337
3.335555555555556
1.2512499999999998
3.3344444444444443
6.0040000000000004
3.0049999999999994
-1.4271428571428568
1.005
无效
0.6281249999999999
1.3380000000000003
-2.7236363636363645
7.2250000000000005
-2.497500000000001
无效
5.001666666666666
5.836666666666666
2.0056
6.25375
2.944705882352941
5.628125
0.0023076923076925317
8.001999999999999
4.767142857142859
8.000666666666667
2.3123076923076926
无效
6.113888888888892
7.5024999999999995
1.3366666666666671
0.00400000000000027
5.361785714285714
3.185909090909092
3.34
2.7327272727272724
2.1100000000000003
4.5015
8.183636363636365
7.8968421052631586
5.45818181818182
无效
6.565312499999999
3.3371428571428585
1.878125
6.541923076923078
0.8374999999999999
5.56
6.670000000000001
无效
无效
无效
6.113888888888889
5.005000000000001
6.194285714285715
5.628125
7.22388888888889
7.501666666666668
5.265789473684211
3.335555555555556
7.334666666666667
6.474117647058824
3.752499999999999
7.621428571428572
4.549090909090909
7.0009999999999994
1.8227272727272732
无效
10.0
无效
无效
3.337500000000001
6.926153846153843
6.669047619047619
5.336666666666667
0.0033333333333332624
5.005
6.669999999999999
2.312307692307692
6.820454545454546
0.5024999999999998
无效
10.0
2.858571428571428
4.288571428571429
3.576428571428571
4.619230769230769
无效
4.1691666666666665
无效
6.157692307692309
8.335000000000003
5.005000000000001
3.081538461538462
8.94842105263158
无效
3.576428571428571
6.002
1.8245454545454545
-3.999333333333334
6.472941176470589
1.432857142857143
4.45
3.6024000000000007
10.0
5.005
-2.4975
5.336666666666667
7.275454545454547
5.003
-1.4285714285714286
无效
6.669999999999999
无效
6.666666666666667
无效
无效
1.0040000000000004
3.5004999999999997
4.169166666666666
无效
5.335333333333334
7.001
0.004736842105263338
3.0029999999999997
4.376875
6.31842105263158
7.502499999999999
2.7794444444444437
5.835833333333333
5.005
0.004285714285714702
7.77888888888889
8.463076923076924
-3.3304761904761904
5.455454545454546
-3.998
4.285714285714286
1.7717647058823531
8.335
4.70764705882353
无效
-1.2475
无效
无效
无效
5.715714285714285
3.34
-0.6206250000000002
6.004
5.559999999999999
2.1492857142857145
4.288571428571428
7.5008333333333335
2.5067857142857135
3.5015
3.1268750000000005
0.7761538461538463
8.5015
10.0
1.1133333333333337
7.500833333333333
0.479047619047619
1.2512500000000002
5.003333333333332
无效
5.559999999999999
3.3373333333333335
6.25125
无效
5.003749999999999
无效
8.335
2.505000000000001
10.0
无效
3.640909090909092
2.5025000000000004
5.336666666666667
0.7723076923076925
1.8209090909090906
5.002777777777776
4.004
1.4342857142857142
无效
4.285714285714286
5.004166666666669
2.671333333333334
6.472941176470589
4.619999999999998
2.145
9.091818181818182
4.1691666666666665
无效
10.0
6.5024999999999995
6.002666666666667
4.619230769230769
无效
9.001000000000001
无效
8.126875000000002
1.824545454545455
3.8738709677419356
5.001666666666667
7.918749999999998
7.779999999999998
4.619230769230768
4.376874999999999
-2.4974999999999996
6.088260869565216
7.145714285714286
5.004999999999999
3.336666666666667
5.557777777777778
2.6713333333333327
7.780000000000001
无效
-1.6599999999999993
无效
无效
10.0
无效
无效
1.058421052631579
3.3360000000000003
3.082307692307693
1.1794117647058826
3.891666666666669
4.403200000000001
4.213157894736841
4.766190476190478
3.892777777777779
7.896842105263156
3.5764285714285706
8.572857142857146
7.371052631578946
4.644642857142858
3.8927777777777774
5.002777777777777
无效
7.2754545454545445
-1.2437499999999995
10.0
无效
5.002999999999999
-6.1083333333333325
3.575
2.004
7.5025
7.648235294117646
2.505833333333334
4.545454545454546
8.572857142857144
5.8374999999999995
5.001666666666668
0.0019999999999999575
5.005
0.8358333333333331
6.924615384615385
7.060588235294117
1.1166666666666674
无效
无效
4.668444444444443
无效
无效
4.619230769230769
-1.1066666666666667
7.275454545454545
3.5778571428571437
6.156153846153846
3.4680769230769255
5.29764705882353
6.959565217391305
5.361071428571429
2.3107692307692296
7.003
7.588620689655172
7.694615384615384
6.429285714285714
4.291428571428572
1.4328571428571428
7.0029999999999974
4.004666666666668
1.1144444444444446
8.097142857142856
3.079230769230769
3.3366666666666664
6.156153846153845
5.79263157894737
8.334999999999999
5.559999999999999
9.091818181818182
5.001666666666668
无效
-3.6336363636363633
4.620769230769231
3.3355555555555556
3.7562500000000005
无效
无效
无效
无效
3.7537499999999997
3.1615789473684215
2.0870833333333327
9.001000000000001
7.371052631578948
2.8614285714285708
7.145714285714286
4.14241379310345
4.122352941176471
2.9670370370370374
5.002777777777777
4.170833333333333
1.1817647058823533
6.002666666666667
-1.1758823529411766
8.0
9.001000000000001
1.6683333333333341
7.001
无效
1.6716666666666666
1.3162295081967215
5.459090909090908
7.5024999999999995
无效
无效
无效
0.005000000000000189
5.504500000000001
2.859523809523809
3.338000000000001
4.802799999999999
1.1805882352941182
-2.140714285714286
6.366363636363635
4.094999999999999
3.337777777777778
3.336666666666667
无效
8.751249999999999
无效
1.2537500000000001
-1.1044444444444446
7.694615384615384
无效
无效
无效
1.6683333333333332
6.210689655172413
7.3088461538461535
2.5025
1.8190909090909093
4.616153846153846
0.8734782608695649
5.717619047619048
5.003333333333332
无效
4.45
5.455454545454545
无效
无效
5.0024999999999995
无效
无效
5.2988235294117665
2.001999999999999
2.2255555555555557
3.7524999999999995
-1.7635294117647053
4.5025
8.126874999999998
3.7512500000000006
4.170833333333333
4.170833333333332
4.672000000000001
6.2525
0.0036842105263159915
6.67
3.334999999999999
0.9163636363636362
4.141034482758622
7.08625
5.003333333333332
4.288571428571429
6.666666666666667
8.334999999999999
无效
无效
7.145714285714286
3.34
6.876875
6.003
8.668
6.669999999999999
2.277727272727273
4.378125
0.004285714285714829
2.6686666666666663
-0.3975999999999996
0.9145454545454544
2.502499999999999
1.6699999999999988
1.8209090909090917
4.3500000000000005
-2.1392857142857142
5.717142857142856
-0.7661538461538462
1.9076190476190473
2.3570588235294103
无效
无效
10.0
无效
2.596296296296296
1.005
无效
5.628125000000001
-4.373125
5.004999999999999
1.8227272727272732
3.893888888888889
3.0050000000000003
3.003000000000001
无效
3.1281250000000003
3.1281250000000003
4.291428571428571
2.864285714285715
5.5600000000000005
2.358235294117647
6.66878787878788
7.502499999999999
9.04857142857143
0.003333333333333657
无效
5.455454545454544
-3.5707142857142857
2.3138461538461543
无效
7.5024999999999995
0.00439999999999948
1.6716666666666669
8.572857142857144
无效
3.7562500000000005
2.145
6.67
5.45909090909091
4.447777777777778
7.5008333333333335
8.334999999999999
7.5025
3.8507692307692305
0.0
1.5407692307692298
4.002000000000001
3.1636842105263154
4.09409090909091
6.113888888888889
6.209310344827586
7.336000000000001
8.94842105263158
5.835833333333333
-1.425714285714286
4.446666666666668
3.3373333333333335
3.6427272727272726
5.625624999999999
10.0
4.447777777777778
3.8507692307692305
0.7192857142857141
8.216071428571428
5.715714285714285
7.142857142857143
3.3399999999999994
无效
无效
10.0
无效
8.183636363636362
无效
无效
4.291428571428572
8.75125
7.777777777777778
无效
无效
4.550909090909093
0.0022222222222223723
4.669333333333333
3.8500000000000005
4.1691666666666665
-4.115294117647059
6.002666666666668
7.409999999999998
3.337777777777777
4.096818181818183
1.876875
5.885294117647058
6.004000000000001
2.383809523809524
4.170833333333332
4.170833333333333
8.078846153846154
2.004
9.231538461538463
3.126875
7.587931034482759
4.350000000000001
8.126874999999998
6.192380952380954
3.8523076923076918
3.7525000000000004
4.288571428571428
0.8391666666666665
1.6705555555555553
5.336666666666668
5.810645161290322
7.5
无效
7.859285714285714
2.8981578947368423
无效
无效
无效
无效
无效
无效
无效
无效
-1.1488461538461534
5.003571428571427
6.876875
3.1615789473684193
3.851538461538463
7.5024999999999995
8.572857142857142
4.550909090909092
5.001666666666666
4.708823529411765
1.4342857142857144
3.1281250000000007
4.213157894736842
7.694615384615384
6.002666666666666
-1.663888888888889
7.779999999999999
5.3876923076923084
-0.9072727272727273
-4.1658333333333335
4.288571428571428
2.5037499999999997
-4.995
8.500499999999999
6.25125
5.003333333333333
4.616153846153846
5.005000000000001
6.432142857142858
5.459090909090908
5.459090909090908
无效
6.114999999999999
4.288571428571428
4.449999999999999
0.0060000000000000496
6.431428571428571
-2.2211111111111115
6.403599999999999
3.219642857142857
5.6293750000000005
0.9557142857142858
0.005555555555555509
2.7816666666666663
4.669333333333333
4.450000000000001
2.2759090909090913
4.289523809523809
4.004
0.0030000000000002026
1.2525
-1.1066666666666665
6.667777777777777
5.718571428571429
3.3359999999999994
6.8016
-2.494999999999999
7.145714285714286
3.34
6.403599999999999
-2.4974999999999996
1.431428571428571
5.0025
8.001999999999999
无效
无效
无效
5.003749999999998
4.09409090909091
5.45909090909091
5.338000000000002
3.3377777777777777
无效
5.003333333333334
3.3333333333333335
无效
5.459090909090908
5.837499999999999
1.25625
5.4870967741935495
4.288571428571428
1.3668181818181817
4.123529411764706
6.669047619047617
6.668666666666667
-3.7462500000000003
5.2988235294117665
2.0870833333333327
6.2524999999999995
6.0040000000000004
3.917391304347826
1.8793750000000002
3.0070000000000006
2.7816666666666667
3.893888888888889
3.6873684210526316
4.6693333333333324
4.45
5.336666666666667
2.2244444444444444
4.0040000000000004
1.8781249999999998
2.005333333333334
3.754583333333333
8.463076923076926
2.3153846153846165
-2.218888888888889
4.738947368421052
2.9447058823529413
8.889999999999999
6.432142857142857
5.716666666666666
6.924615384615384
2.5025
无效
0.0011111111111110875
6.670000000000001
无效
-8.998999999999999
3.3333333333333335
5.459090909090908
无效
无效
5.459090909090908
无效
2.2266666666666675
5.266842105263159
6.253750000000001
1.9090476190476189
-1.2462500000000005
1.3393333333333335
6.5252173913043485
5.718571428571429
3.8507692307692305
9.001000000000001
4.71
8.824705882352944
5.837500000000001
3.5035
1.3844827586206896
0.006363636363636228
-2.8549999999999995
6.430714285714286
0.5905882352941177
10.0
1.336666666666667
1.4314285714285713
7.918749999999998
1.1133333333333337
2.6100000000000003
4.28952380952381
3.5335294117647056
6.0032000000000005
5.885294117647059
1.5407692307692311
1.3366666666666667
3.5778571428571433
-1.2487500000000002
无效
无效
无效
无效
10.0
6.4028
-0.1824074074074071
6.366060606060605
7.5025
8.824705882352944
无效
无效
无效
6.669999999999998
5.457272727272727
0.004000000000000448
6.113888888888889
2.5025000000000004
3.576428571428572
4.74
6.367272727272728
5.005000000000002
4.804400000000002
2.9212500000000006
3.164736842105262
5.656521739130436
6.003000000000001
3.751249999999999
0.9136363636363636
6.800799999999999
4.620769230769231
1.4342857142857144
2.107894736842105
5.386153846153845
3.75375
1.0029999999999997
6.363636363636363
0.004999999999999893
3.338888888888889
5.715714285714286
3.7562499999999983
5.717142857142856
5.45909090909091
4.002
6.253749999999999
无效
-4.43888888888889
5.002777777777777
0.5917647058823533
5.005
9.001
6.25375
6.670000000000001
10.0
4.006
8.572857142857142
无效
2.8614285714285717
4.767142857142859
4.171666666666667
4.646785714285714
0.7178571428571432
7.002999999999998
-2.6633333333333336
1.2023999999999995
2.636842105263158
6.926153846153846
0.004999999999999893
5.3876923076923084
-3.998
4.549090909090908
5.004166666666667
7.145714285714286
7.275454545454545
无效
4.585416666666666
无效
3.3377777777777777
3.89388888888889
1.668333333333333
5.559999999999999
4.892666666666666
-1.1735294117647066
无效
无效
6.5035
6.471764705882354
4.446666666666666
3.002
4.233461538461539
6.367272727272728
4.378125000000001
5.0042857142857144
7.335999999999999
4.619230769230769
1.25625
6.845263157894737
无效
7.275454545454545
9.091818181818182
5.001666666666667
5.003571428571429
5.718571428571429
5.005
3.3375
5.6293750000000005
6.669999999999999
5.808709677419354
5.003750000000001
5.912272727272727
2.6134782608695644
4.380625000000001
0.7164285714285713
5.420416666666668
0.004117647058823688
7.003
5.387692307692307
6.668666666666666
3.753750000000001
5.628125000000001
3.85076923076923
0.6720000000000003
无效
无效
无效
无效
1.8199999999999996
4.141034482758621
5.003000000000001
1.004
7.002
1.4357142857142855
2.922916666666666
3.8507692307692314
5.3373333333333335
0.004814814814814976
7.693076923076924
7.1457142857142895
3.75375
4.002
4.6207692307692305
7.5025
8.335
6.365454545454545
3.1868181818181824
无效
-4.165833333333334
5.2988235294117665
4.170833333333332
0.009999999999999997
3.9147826086956523
4.742105263157896
-2.139285714285714
4.291428571428572
0.0014285714285713134
5.457272727272726
5.005000000000001
1.820909090909091
3.575
3.8938888888888865
4.667999999999998
5.003571428571428
6.670000000000001
7.5025
4.447777777777778
3.7512499999999998
无效
无效
2.7309090909090914
无效
无效
8.334999999999999
4.215263157894738
6.474117647058823
3.338333333333333
7.502499999999999
5.267894736842106
8.001
5.005000000000001
7.828260869565218
6.667333333333334
3.850769230769233
2.006
5.003333333333333
4.617692307692308
2.7290909090909095
7.145714285714285
无效
无效
无效
0.0
无效
无效
无效
-3.33
3.005
7.003
3.7549999999999977
6.25375
8.463076923076924
4.004666666666667
3.75375
-2.9137499999999985
1.8245454545454551
5.004999999999999
1.7910714285714282
10.0
3.077692307692308
5.002999999999999
2.858571428571429
5.389230769230772
0.873478260869565
3.3366666666666664
6.157692307692307
4.353478260869566
无效
无效
无效
8.751249999999999
5.003333333333335
6.003000000000001
5.003333333333333
2.5050000000000003
7.501500000000002
-2.3771428571428563
6.472941176470589
6.430714285714286
9.001
6.430714285714285
6.666666666666667
-2.2188888888888894
无效
无效
8.751249999999999
6.67
-0.5210526315789463
8.889999999999999
4.618461538461539
2.005333333333334
1.8245454545454545
6.252916666666667
3.689473684210525
5.337999999999999
6.115
7.859285714285713
4.708823529411765
5.837500000000001
无效
无效
无效
6.25375
2.5025
8.572857142857142
2.8642857142857143
6.273253968253965
4.6693333333333324
无效
3.6409090909090907
6.25125
无效
6.669999999999999
6.67
无效
8.23705882352941
3.185909090909091
无效
3.8927777777777783
6.0040000000000004
6.84421052631579
0.003999999999999915
4.006000000000001
3.533529411764705
8.5015
9.231538461538463
5.718571428571429
6.157692307692309
7.145714285714285
无效
无效
5.557777777777777
6.474117647058825
无效
6.430714285714286
10.0
无效
无效
2.2299999999999995
6.5035
4.23576923076923
1.6043999999999994
无效
1.8781249999999998
2.3838095238095236
6.541153846153846
5.718571428571429
3.640909090909091
0.0059999999999998995
3.850769230769229
4.004666666666667
6.0040000000000004
4.6706666666666665
6.251250000000001
6.004
7.002999999999998
无效
5.0
无效
无效
8.572857142857142
无效
无效
5.002142857142857
1.2562499999999999
无效
无效
3.3383333333333334
6.074642857142856
4.550909090909091
5.625624999999999
6.156153846153845
2.2300000000000004
7.335999999999999
1.4342857142857142
2.3570588235294117
5.003333333333334
6.299999999999999
3.9173913043478272
4.006
无效
1.6683333333333332
7.5024999999999995
6.668333333333332
2.8642857142857143
无效
无效
无效
8.335000000000004
无效
8.335
1.3659090909090912
7.061764705882353
8.668000000000001
4.619230769230769
5.004999999999998
无效
5.716428571428571
7.003
-0.7092857142857144
5.557777777777777
6.319473684210529
5.558888888888889
7.501785714285712
3.4527586206896563
5.458181818181819
-2.140714285714286
5.3876923076923084
6.11388888888889
无效
7.145714285714286
7.369999999999998
8.237058823529413
3.7545833333333327
无效
5.602799999999999
3.576428571428571
-0.707857142857143
无效
6.666666666666667
无效
2.2255555555555557
6.670000000000001
3.75375
6.669999999999998
无效
4.4477777777777785
5.003571428571429
无效
无效
无效
无效
7.502500000000001
7.859285714285713
6.365454545454545
无效
无效
无效
无效
6.666666666666667
8.334999999999999
无效
无效
5.005
无效
5.0025
3.3366666666666664
无效
4.1725
2.861428571428571
7.003
8.181818181818182
5.885294117647059
4.288571428571427
-2.1407142857142856
2.002
8.125625
4.004666666666667
4.095000000000001
3.3383333333333334
-2.497499999999999
6.25375
2.3092307692307688
7.275454545454545
-0.66
5.718571428571429
5.005000000000001
4.291428571428572
5.005000000000001
无效
无效
无效
6.25125
8.788484848484849
5.718571428571429
-0.9969999999999999
无效
无效
8.335
无效
无效
无效
3.0776923076923075
7.275454545454543
8.889999999999999
5.002142857142857
无效
6.669999999999999
-0.432173913043478
6.958695652173914
6.43214285714286
6.088260869565216
2.945882352941177
-1.4285714285714286
7.002000000000001
5.003750000000001
6.363636363636363
6.209999999999999
4.233461538461539
3.1605263157894736
7.003
3.574999999999999
5.885294117647058
3.575714285714286
5.005000000000001
4.379374999999999
5.602799999999999
6.668333333333333
5.336666666666668
4.378125000000001
5.240952380952381
6.002666666666666
5.718571428571427
5.41875
6.004000000000001
5.003571428571428
6.926153846153847
无效
7.5025
7.780000000000001
5.002999999999999
3.640909090909091
6.113888888888889
6.878125000000001
3.3400000000000003
4.0040000000000004
8.334999999999999
6.253749999999999
5.005
无效
无效
无效
无效
无效
4.5045
6.2524999999999995
7.694615384615385
7.5025
2.8633333333333333
0.7738461538461541
0.5055000000000006
6.004
7.5024999999999995
7.189687499999997
6.8024000000000004
2.0026666666666673
7.828260869565218
7.779999999999998
5.420416666666667
5.003333333333334
4.000666666666667
4.549090909090908
7.039259259259258
-1.2437500000000001
3.337777777777778
无效
无效
6.003200000000003
无效
2.732727272727274
2.002
无效
6.669999999999999
5.00388888888889
0.0028571428571426845
7.620476190476192
5.220434782608697
6.878125000000001
4.448888888888891
3.3400000000000003
8.183636363636365
5.0024999999999995
4.379375
2.783888888888889
6.924615384615385
0.7723076923076924
6.075357142857142
2.003
6.924615384615383
-0.6218749999999995
1.3380000000000003
5.2964705882352945
-3.5288235294117647
6.474117647058822
4.291428571428571
6.67
无效
3.6863157894736847
无效
5.886470588235294
2.947058823529411
7.918749999999998
4.288571428571428
无效
4.001999999999998
无效
5.005
无效
8.334999999999999
4.737894736842105
-6.921538461538462
-1.4257142857142857
3.482173913043479
无效
6.430714285714286
7.144285714285714
3.3400000000000003
6.878125000000001
5.336666666666667
6.432142857142856
-2.270454545454545
3.8523076923076927
6.670000000000001
2.1078947368421055
4.710000000000001
3.3400000000000003
7.779999999999998
7.224999999999999
6.193333333333333
1.6716666666666666
5.0024999999999995
8.463076923076922
-6.24625
无效
8.42263157894737
8.002000000000002
7.502499999999999
8.002
-7.142857142857143
0.0014285714285713982
8.751249999999999
无效
无效
5.457272727272727
-4.998571428571428
3.5335294117647065
8.572857142857144
4.61923076923077
6.957826086956522
2.8614285714285708
6.154615384615385
4.765238095238097
5.005000000000001
7.5025
-1.537692307692308
1.1133333333333337
8.334999999999997
7.002
5.002000000000001
5.457272727272727
4.1691666666666665
7.273636363636364
4.58875
无效
3.3366666666666664
2.8614285714285717
1.437142857142857
无效
4.668
6.67
5.24126984126984
6.523478260869566
5.715714285714286
无效
无效
无效
4.54909090909091
1.4300000000000002
1.25125
-0.4985000000000001
5.912272727272727
无效
6.8204545454545435
6.820454545454546
无效
4.004666666666666
-2.2196296296296287
4.289523809523811
7.003
6.31842105263158
5.884117647058823
6.472941176470588
1.4314285714285715
3.3366666666666673
-1.3613636363636368
0.7207142857142855
6.251250000000001
8.002000000000002
无效
无效
-1.42
无效
10.0
无效
无效
4.64607142857143
3.3359999999999994
4.667999999999998
-5.555555555555555
3.0815384615384622
6.667333333333333
无效
5.555555555555555
9.334000000000001
无效
无效
6.845263157894736
-1.815454545454546
2.175652173913043
5.005000000000001
-5.78736842105263
5.837500000000001
3.889444444444444
6.429285714285714
5.7915789473684205
0.004285714285714194
3.0049999999999994
1.007
2.1435714285714282
3.5035
3.6409090909090893
7.50125
7.62047619047619
1.2537499999999997
4.170833333333332
6.402
8.002
无效
5.717619047619048
8.183636363636365
5.45909090909091
9.001000000000001
7.003
8.334999999999999
8.572857142857144
无效
无效
9.334
1.6683333333333337
8.335
无效
7.5025
无效
无效
无效
无效
5.005
3.481304347826087
-0.7661538461538462
1.5821052631578942
5.458181818181817
2.004000000000001
3.0823076923076917
3.3349999999999995
1.6691666666666667
7.859285714285712
7.144761904761903
6.317368421052632
3.079230769230769
7.6494117647058815
6.252499999999999
0.7448148148148148
1.5453846153846154
7.145714285714285
5.837499999999999
4.380624999999999
7.694615384615384
5.457272727272729
4.1674999999999995
5.773461538461539
1.3393333333333337
5.715714285714285
7.693076923076924
8.334999999999999
无效
-4.543636363636363
5.386153846153846
6.365454545454545
-1.9979999999999998
无效
无效
无效
无效
无效
1.007
1.2047999999999996
1.0050000000000001
3.8138095238095246
5.457272727272727
2.7309090909090905
7.728636363636363
3.005
6.253749999999999
5.503500000000001
-4.281428571428572
5.005
3.6390909090909087
5.457272727272726
3.336666666666666
3.852307692307693
-6.246250000000001
4.375624999999999
-1.5726315789473673
5.265789473684211
7.335999999999999
-1.24375
-4.282857142857143
9.167500000000002
无效
4.004
6.319473684210527
5.718571428571429
0.7192857142857142
7.779999999999998
无效
无效
无效
5.45909090909091
无效
8.751249999999999
无效
无效
4.447777777777777
2.7309090909090914
0.5929411764705884
6.115
5.718571428571429
4.002
2.782777777777778
5.718571428571428
5.558888888888889
1.585263157894737
-0.9490476190476184
3.8492307692307692
2.672666666666666
5.457272727272728
6.002666666666667
无效
无效
5.003000000000001
2.5050000000000003
4.6207692307692305
6.669999999999998
无效
无效
3.3355555555555556
无效
1.0090000000000001
无效
无效
3.0050000000000012
4.3793750000000005
4.708823529411764
-7.691538461538461
5.002272727272726
5.8374999999999995
3.8476923076923075
3.3377777777777777
2.5054999999999996
4.003333333333333
5.835833333333334
4.6693333333333324
0.8375
0.7738461538461537
-0.4295652173913042
9.445
2.5075000000000003
6.367272727272729
-1.2462499999999999
无效
无效
无效
0.0
无效
无效
无效
5.003333333333335
4.0036
4.764285714285715
6.668666666666668
8.126874999999998
0.003846153846154311
4.5879166666666675
3.8927777777777783
4.005
2.945882352941177
1.1155555555555554
无效
6.669999999999999
2.695769230769232
0.8358333333333329
3.7549999999999994
4.094090909090909
6.844210526315789
7.309615384615384
7.309615384615384
8.237058823529411
5.338
1.5438461538461539
5.718571428571429
无效
6.25375
无效
2.8642857142857143
无效
无效
无效
8.463076923076922
8.463076923076922
6.670000000000002
8.183636363636362
3.001
7.144761904761905
4.402400000000001
5.835833333333333
3.688421052631579
2.8171875000000006
6.0040000000000004
7.602399999999998
4.29
6.002666666666666
8.216071428571428
3.0807692307692305
6.8031999999999995
4.6693333333333324
5.003571428571431
6.878125
6.157692307692307
无效
2.004
无效
无效
4.617692307692308
6.67
无效
3.3333333333333335
5.885294117647061
6.668666666666667
6.002666666666667
3.337777777777778
1.4342857142857146
无效
无效
无效
2.0040000000000004
-4.664
1.1177777777777775
5.220434782608697
5.835833333333333
1.4328571428571428
3.336666666666667
2.2255555555555544
5.884117647058823
6.6690476190476184
3.0838461538461535
6.878125000000001
2.3123076923076917
8.235882352941177
6.430714285714286
1.4314285714285713
无效
7.275454545454547
5.503500000000001
无效
5.002999999999999
无效
无效
无效
5.000000000000001
6.55448275862069
无效
10.0
2.861428571428571
无效
无效
无效
1.0070000000000001
0.005555555555556029
7.001
2.8614285714285717
3.640909090909092
2.5025
7.275454545454545
3.7537500000000006
8.42263157894737
5.00388888888889
6.001600000000001
5.336666666666665
5.004090909090909
2.0040000000000004
6.0032
6.25375
6.115000000000002
6.1127777777777785
2.858571428571428
5.882941176470588
7.5008333333333335
6.0040000000000004
4.288571428571428
3.8515384615384636
3.8523076923076927
-5.7128571428571435
4.378125000000001
3.163684210526316
4.004666666666666
无效
7.002999999999998
无效
4.711176470588236
3.75375
7.857857142857142
无效
无效
无效
无效
无效
3.75375
6.669999999999999
7.501250000000001
8.002
8.889999999999999
3.1281250000000003
6.156153846153846
5.004999999999999
无效
6.365454545454546
无效
无效
5.001666666666666
无效
无效
8.097142857142858
无效
6.670000000000001
0.0024999999999997516
0.7178571428571427
6.002
4.4477777777777785
5.717142857142858
2.274090909090909
7.648235294117646
-1.4271428571428568
0.8383333333333333
3.5035000000000003
7.393043478260868
3.534705882352941
4.708823529411765
0.9145454545454544
6.002000000000001
4.8530303030303035
6.251250000000001
0.8391666666666667
无效
0.7723076923076923
6.253749999999999
无效
2.5050000000000003
5.005000000000001
4.004
无效
3.3386666666666662
-1.42
6.367272727272726
0.003333333333333558
7.003
无效
6.670000000000001
无效
7.142857142857143
6.25125
7.060588235294117
无效
5.2016
无效
5.421250000000001
无效
无效
8.001999999999999
5.715714285714285
-0.8274999999999997
6.4314285714285715
7.859285714285714
4.447037037037038
5.940937500000001
5.557777777777776
7.859285714285713
4.290285714285711
5.458181818181819
8.183636363636362
5.835833333333333
5.718571428571429
4.095
6.112777777777779
3.7550000000000003
-1.6616666666666668
无效
无效
7.601599999999999
无效
8.001999999999999
7.145714285714286
无效
8.183636363636365
无效
5.00388888888889
2.862857142857142
0.004285714285714464
7.309615384615383
5.679459459459458
4.234230769230769
5.911363636363635
4.5879166666666675
6.209310344827586
8.276896551724137
7.060588235294118
6.25375
-6.663333333333334
3.3399999999999994
9.091818181818182
无效
8.751249999999999
7.145714285714286
2.9447058823529404
4.620000000000003
0.0038461538461536274
2.7816666666666667
5.793684210526316
无效
无效
6.367272727272729
6.472352941176469
3.3400000000000007
8.52
10.0
2.2255555555555557
4.006
4.8012
4.12235294117647
2.385714285714286
8.928928571428571
6.925384615384615
5.003333333333332
7.77888888888889
5.928518518518518
7.002999999999998
8.183636363636362
1.25375
3.4650000000000003
3.3366666666666673
3.340000000000001
7.5025
7.502499999999999
无效
无效
-2.499166666666667
3.34
无效
无效
4.291428571428572
5.335333333333334
9.200800000000001
9.001000000000001
4.738947368421053
8.0
无效
无效
1.582105263157894
3.5335294117647065
6.670000000000001
3.8916666666666666
0.004000000000000313
5.004999999999999
2.223333333333333
4.004
4.378125
2.5012499999999998
1.4285714285714286
5.003571428571427
-3.5707142857142853
6.003000000000001
3.5764285714285706
1.6683333333333332
6.6691666666666665
5.003181818181819
6.157692307692309
2.5041666666666673
-3.3316666666666657
6.252500000000001
1.8227272727272725
3.0070000000000006
7.729545454545454
6.878125000000001
4.6207692307692305
无效
无效
4.288571428571429
-4.285714285714286
5.556666666666666
无效
0.0
6.002000000000001
无效
无效
无效
无效
无效
6.669999999999999
无效
无效
5.387692307692307
6.251250000000001
4.548181818181818
4.502500000000001
5.387692307692307
4.376875
-1.3299999999999996
1.671666666666667
3.575714285714288
4.6720000000000015
5.001666666666668
无效
6.319473684210528
2.9662962962962975
6.926153846153846
2.2270370370370367
7.145714285714285
4.711176470588237
3.75125
3.005
0.4586363636363639
6.67
3.3333333333333335
无效
5.715714285714286
无效
无效
无效
8.002
无效
6.365454545454545
6.317368421052632
4.291428571428573
6.669999999999998
9.1675
无效
7.780000000000001
无效
3.7549999999999994
4.287619047619049
8.84730769230769
6.668666666666667
5.005000000000001
3.8492307692307692
6.403599999999999
6.002000000000001
5.266842105263158
3.639090909090909
8.0
4.446666666666667
5.3876923076923084
7.896842105263156
5.003181818181819
7.5024999999999995
无效
无效
7.779999999999999
0.0027272727272720427
无效
7.275454545454545
无效
无效
4.470970873786404
9.001000000000001
2.5050000000000003
6.004000000000001
无效
10.0
7.244137931034482
2.5024999999999986
6.31842105263158
5.459090909090908
4.122352941176472
3.755000000000002
3.689473684210527
4.003
5.557777777777777
6.365454545454545
4.169166666666666
3.3366666666666656
4.447777777777778
7.943235294117649
-1.8718749999999993
6.45516129032258
5.003181818181819
0.00466666666666716
5.45909090909091
无效
无效
无效
1.432857142857143
无效
2.2255555555555557
无效
10.0
6.0032
7.225000000000002
5.7164285714285725
6.114999999999998
3.8507692307692305
7.275454545454545
5.002777777777778
-1.6649999999999994
5.389230769230768
7.371052631578948
5.003
4.003999999999998
7.145714285714285
7.933103448275862
5.957977528089885
5.358928571428573
6.074642857142856
7.145714285714284
无效
8.335000000000003
1.9090476190476182
-2.3061538461538458
4.619230769230768
8.235882352941177
1.2039999999999997
-3.33
5.503500000000002
5.836666666666667
6.251250000000001
7.502499999999999
7.500833333333333
5.91318181818182
2.3558823529411765
5.771923076923078
4.6693333333333324
6.67
4.766190476190478
5.885294117647058
无效
5.886470588235294
无效
无效
无效
无效
无效
无效
2.311153846153846
3.4804347826086963
无效
0.006666666666666596
无效
无效
3.8128571428571427
1.8245454545454545
5.912272727272727
3.797931034482758
2.9447058823529417
5.910454545454547
7.896842105263158
5.52103448275862
3.5323529411764705
3.7550000000000003
0.0005263157894735795
2.86047619047619
无效
6.67
5.003888888888889
7.943235294117649
3.0050000000000003
4.2871428571428565
2.002
5.005000000000001
2.5075000000000016
5.558888888888889
6.156153846153846
4.288571428571428
0.9181818181818183
无效
无效
3.3366666666666664
6.669999999999999
4.3500000000000005
7.727727272727273
2.734545454545456
无效
无效
3.337777777777778
1.4342857142857142
3.75125
3.3390476190476184
4.2152631578947375
0.628125
3.6894736842105273
2.6700000000000004
8.237058823529413
3.5764285714285715
2.106842105263158
4.352608695652174
6.193333333333335
6.299259259259259
无效
2.5025000000000004
无效
无效
6.669999999999999
无效
5.628124999999999
无效
无效
0.009999999999999998
无效
无效
10.0
2.503928571428571
0.9145454545454544
7.6494117647058815
5.556666666666666
5.884117647058822
-1.783928571428572
2.9220833333333327
3.850769230769231
6.403599999999999
5.718571428571429
5.389230769230769
4.29
1.6683333333333332
3.1306249999999993
无效
5.625624999999999
2.73090909090909
10.0
无效
无效
5.001666666666666
无效
无效
无效
无效
7.780000000000003
无效
0.002500000000000071
-5.711904761904762
-3.123125
0.8391666666666665
1.6749999999999998
0.003333333333333558
5.715714285714285
6.669999999999999
4.6720000000000015
4.667999999999998
5.003181818181819
3.640000000000001
5.7915789473684205
1.2537500000000001
无效
8.001999999999999
无效
6.003999999999999
1.0029999999999997
1.824545454545455
无效
无效
8.335
无效
2.5050000000000003
3.4074468085106395
6.667333333333334
6.156153846153847
1.6716666666666669
无效
-8.331666666666667
无效
无效
3.64
0.629375
7.061764705882353
4.380624999999999
2.864285714285715
2.7327272727272733
4.6706666666666665
无效
2.9447058823529413
无效
-1.0457894736842104
2.2786363636363633
2.3107692307692314
2.1449999999999996
3.160526315789474
5.005
3.336666666666666
3.0040000000000004
-6.248749999999999
4.548181818181819
6.003200000000001
2.7816666666666667
7.6946153846153855
5.9292592592592595
5.001666666666666
6.926153846153847
5.0024999999999995
2.004
1.4342857142857142
7.2754545454545445
无效
6.0040000000000004
无效
无效
3.082307692307692
无效
0.00666666666666656
无效
8.572857142857144
6.666666666666667
2.5012499999999998
2.730909090909091
5.2964705882352945
4.549090909090911
6.524347826086957
2.086250000000001
2.23
6.252916666666667
8.889999999999999
-1.8154545454545448
2.354705882352941
5.716666666666669
-2.3476470588235294
4.711176470588236
4.669333333333333
0.5929411764705883
2.227777777777778
3.5358823529411763
5.2024
9.1675
5.005000000000001
3.754583333333334
4.45
0.0037500000000000445
无效
-0.9054545454545454
无效
0.0059999999999998934
10.0
0.01
-1.6583333333333334
无效
无效
无效
10.0
5.005
5.718571428571428
无效
4.002
无效
无效
无效
0.003333333333332836
6.453870967741936
2.310769230769231
-1.8154545454545454
0.0071428571428571175
0.8129729729729733
1.437142857142857
0.8375
1.4328571428571428
4.004666666666668
7.896842105263156
6.252916666666667
5.837499999999999
5.8864705882352935
3.5335294117647065
6.667777777777778
无效
7.145714285714285
5.834166666666666
2.858571428571427
4.549090909090908
1.6716666666666666
7.002999999999998
无效
8.572857142857144
无效
8.889999999999999
8.82470588235294
9.091818181818182
7.502499999999999
无效
6.666666666666667
3.0040000000000004
-5.160322580645162
6.156153846153845
5.504500000000001
4.672000000000001
0.5905882352941177
-3.996666666666667
4.617692307692308
1.1794117647058826
6.09
-9.285
6.924615384615383
5.266842105263159
4.619230769230769
7.144285714285714
6.5035
3.3388888888888886
3.3400000000000003
6.669999999999999
5.835833333333333
无效
无效
无效
无效
无效
无效
-5.621874999999999
-1.425714285714286
1.1782352941176473
5.5600000000000005
-2.723636363636363
7.502499999999999
10.0
-1.6616666666666668
-5.879411764705883
4.447777777777778
5.0025
5.001
4.095909090909091
3.3383333333333334
-0.5549999999999996
0.8374999999999999
6.432142857142857
4.0052
5.459090909090909
2.8614285714285717
7.142857142857143
3.3377777777777777
5.718571428571429
无效
无效
4.672
4.710000000000001
7.145714285714285
4.291428571428573
5.005
-5.71
无效
-1.1735294117647062
6.801599999999999
2.355882352941176
8.001199999999999
3.2020000000000004
4.215263157894737
5.654782608695651
-2.103684210526316
6.432142857142858
5.488387096774195
-4.9975000000000005
8.001999999999999
4.504499999999999
3.3366666666666664
1.2056000000000002
0.7207142857142858
3.34
6.0753571428571425
2.2255555555555557
无效
4.004
无效
7.5015
-2.7236363636363636
0.007142857142857052
-1.5361538461538458
无效
9.04857142857143
无效
7.335999999999999
9.130434782608697
3.005
5.715714285714286
无效
1.820909090909091
7.002000000000001
-3.3280000000000007
7.5
4.550000000000001
4.170833333333333
8.89
3.852307692307693
6.25375
3.3373333333333335
5.718571428571429
3.0776923076923075
6.156153846153846
8.572857142857146
3.7549999999999994
3.1877272727272725
5.715714285714286
无效
8.89
7.0594117647058825
8.125625
7.5024999999999995
无效
-1.9959999999999993
7.779999999999998
无效
无效
-0.7107142857142857
3.3377777777777786
6.157692307692307
2.1110526315789477
6.802399999999999
6.073928571428572
4.122352941176471
7.335999999999999
3.755000000000001
5.884117647058824
3.080769230769231
7.061764705882352
2.9458823529411746
无效
无效
无效
无效
7.502499999999999
-0.9970000000000001
8.889999999999999
-6.9990000000000006
-0.621875
7.2250000000000005
6.502500000000002
3.851282051282051
0.9109090909090912
1.6733333333333336
1.6043999999999983
2.86
-2.4974999999999996
3.1293749999999987
8.572857142857142
8.078846153846154
4.288571428571428
8.334999999999999
7.334666666666666
无效
无效
8.002
7.502499999999999
0.0033333333333332624
4.550000000000001
3.5347058823529407
1.671666666666667
3.1293750000000005
2.309230769230769
4.350869565217393
3.0049999999999994
1.2537500000000004
7.2754545454545445
3.3366666666666664
7.003
5.242857142857144
7.502500000000001
4.45
6.669999999999999
5.8852941176470575
3.3366666666666656
6.157692307692306
7.779999999999998
无效
无效
5.715714285714285
无效
6.66888888888889
无效
无效
4.288571428571429
无效
6.523478260869565
4.61923076923077
2.002
5.718571428571429
5.420416666666665
5.604400000000001
无效
7.502500000000001
3.2274193548387102
7.828260869565216
5.002333333333331
6.957826086956521
-6.841052631578947
2.001333333333333
-3.3277777777777784
6.6691666666666665
6.367272727272726
5.005000000000001
2.7290909090909086
5.772692307692309
9.001000000000001
0.0011111111111108901
无效
4.380625
0.006470588235294084
5.5600000000000005
3.3333333333333335
2.5025
5.718571428571429
无效
-1.24875
7.08625
7.857857142857142
5.629374999999998
3.079230769230769
6.821363636363636
6.670000000000001
6.670000000000001
6.821363636363636
7.58862068965517
4.289999999999998
无效
9.167500000000002
5.457272727272727
0.5315789473684208
6.365454545454545
6.432142857142856
5.792631578947368
无效
6.002
8.334999999999999
无效
8.572857142857144
9.1675
6.670000000000001
无效
无效
无效
5.005000000000001
无效
无效
3.1293749999999996
6.0024
5.836666666666666
0.0037499999999998225
6.25375
3.337333333333334
8.181818181818182
5.005000000000001
无效
无效
7.1890624999999995
7.223888888888889
-2.3053846153846154
4.002
无效
4.006
4.545454545454546
6.670000000000001
5.005000000000002
5.455454545454544
1.8793749999999996
5.338
4.170833333333332
1.1166666666666665
4.505500000000001
5.267894736842106
4.291428571428572
8.183636363636365
7.502499999999999
3.0029999999999997
无效
无效
3.3366666666666664
5.005
7.502499999999999
无效
无效
10.0
8.889999999999999
2.5058333333333334
无效
无效
7.501249999999999
4.094090909090909
6.5035
1.7694117647058827
3.5516129032258066
-1.6666666666666667
-4.641785714285713
3.185000000000001
-3.6327272727272724
1.0573684210526315
-4.615384615384616
-1.9960000000000004
6.432142857142858
3.0838461538461535
-0.9072727272727273
10.0
6.667777777777777
3.337777777777777
1.2537500000000004
无效
无效
无效
5.338
无效
无效
-5.26157894736842
-3.180454545454546
0.002941176470588904
2.8585714285714294
0.3733333333333334
-4.207894736842104
-6.666666666666667
无效
无效
6.669999999999999
5.71857142857143
2.3558823529411765
2.227777777777778
6.154615384615385
4.380624999999999
4.170000000000001
6.002666666666667
2.5034999999999994
5.792631578947368
5.886470588235294
5.45818181818182
0.7769230769230767
无效
无效
-3.6336363636363633
无效
6.004
7.502499999999999
4.006
1.4314285714285713
无效
无效
无效
4.006
无效
无效
无效
无效
4.709999999999998
6.669999999999999
无效
无效
无效
10.0
0.0033333333333332624
4.29
6.253749999999998
0.5894117647058826
4.545454545454546
6.253749999999999
-3.7487500000000002
8.334999999999999
4.006
9.001
无效
5.220434782608696
无效
6.670000000000001
4.004666666666667
7.693076923076924
2.782777777777778
6.472941176470588
5.557777777777778
4.445555555555556
无效
2.5075000000000003
6.47294117647059
无效
5.002999999999998
7.588620689655172
-5.235238095238095
4.549090909090909
3.1636842105263163
7.779259259259259
2.8600000000000003
0.9145454545454549
6.430714285714286
-4.758571428571427
5.718571428571428
5.56
无效
2.008
3.9317857142857155
6.555172413793104
-2.1392857142857133
5.003333333333334
5.005
无效
3.7537499999999997
5.8374999999999995
-7.499166666666667
-3.3316666666666666
6.668333333333333
-4.9975000000000005
无效
无效
6.113888888888888
-0.5858823529411765
-5.907727272727274
6.002000000000001
5.884117647058826
3.079230769230769
8.637727272727272
8.751249999999999
2.180869565217392
7.501500000000002
3.6409090909090915
5.885294117647058
-8.18
4.6693333333333324
2.004
7.693076923076924
6.667777777777777
无效
7.5025
无效
4.291428571428572
4.002
无效
8.002
7.621428571428569
-1.3313333333333333
5.005
4.288571428571428
无效
8.572857142857144
-8.569999999999999
3.933928571428571
4.352608695652176
0.0014285714285713982
5.003333333333333
3.75375
2.4067999999999996
8.262608695652176
-1.8731250000000004
6.114999999999999
3.605600000000001
6.6688888888888895
无效
无效
4.002
无效
无效
无效
无效
-3.1795454545454547
5.002777777777777
5.146571428571428
4.802800000000001
2.8633333333333333
5.336666666666667
4.447777777777778
3.3355555555555547
5.791578947368421
7.694615384615384
1.0010000000000001
5.718571428571429
无效
5.2976470588235305
5.459090909090908
无效
无效
0.9090909090909091
无效
无效
无效
3.0838461538461535
无效
4.741052631578949
5.221304347826089
无效
8.333333333333334
-3.926071428571429
-4.089545454545454
2.7327272727272733
-3.635454545454545
4.352608695652176
6.366363636363639
5.005
5.418749999999999
5.418749999999999
3.576428571428572
0.001666666666666335
6.001333333333334
3.5045
4.29
4.004666666666664
无效
-5.7128571428571435
无效
6.669999999999998
无效
-4.998125
-6.663333333333333
5.005
2.18
无效
3.6427272727272726
0.6680000000000007
-3.3323809523809524
6.474117647058823
7.5024999999999995
5.003888888888888
无效
7.421290322580645
无效
4.62076923076923
3.0069999999999992
无效
-1.9980000000000004
7.145714285714287
5.004999999999999
无效
无效
4.742105263157896
5.655652173913043
6.668095238095238
2.2277777777777783
1.824545454545455
-0.9950000000000001
无效
-0.7661538461538461
-5.451818181818182
5.389230769230769
5.864137931034482
5.2964705882352945
-5.598000000000001
6.09
4.619230769230768
6.8781250000000025
-4.798800000000001
5.558888888888889
6.157692307692309
0.003793103448275911
-2.082083333333333
3.0030000000000006
7.335999999999999
无效
无效
无效
-1.4285714285714286
无效
无效
8.334999999999999
无效
无效
无效
4.1725
8.335
6.253749999999999
7.777777777777778
1.2512499999999998
5.8374999999999995
无效
无效
无效
无效
无效
7.648235294117649
0.0014285714285713982
5.2964705882352945
3.335555555555555
4.121176470588236
5.715714285714285
5.00388888888889
无效
5.005000000000001
5.38923076923077
4.006
无效
无效
无效
无效
-1.4257142857142857
0.9145454545454551
7.777777777777778
5.239999999999999
4.288571428571429
6.1127777777777785
5.240952380952381
7.145714285714286
5.18851851851852
4.503500000000001
2.4043999999999994
4.6706666666666665
6.8031999999999995
6.669999999999998
2.9458823529411746
6.432142857142857
4.002
4.710000000000001
-6.9990000000000006
6.669999999999999
3.3366666666666664
无效
6.194285714285714
-3.999333333333334
8.334999999999999
无效
无效
7.145714285714285
无效
8.334999999999999
8.334999999999999
7.779999999999998
7.649411764705883
6.090869565217392
3.814761904761906
8.001999999999999
3.6884210526315795
3.1318749999999995
-5.414583333333333
6.669999999999999
3.895
2.313846153846154
3.3366666666666664
3.0050000000000003
无效
7.142857142857143
6.669999999999999
无效
8.89
无效
无效
无效
6.876875
0.00333333333333331
无效
0.0059999999999998995
3.8523076923076944
2.358235294117647
5.387692307692307
5.005
5.154545454545455
5.0025
2.315384615384615
3.0049999999999986
无效
2.230000000000001
无效
无效
无效
无效
无效
无效
无效
无效
无效
5.928518518518518
7.001
6.669999999999999
7.335999999999999
4.29047619047619
3.5358823529411763
4.290000000000001
5.004999999999998
1.8227272727272732
无效
无效
8.335
无效
8.89
无效
6.193333333333333
1.4342857142857144
5.00409090909091
3.3386666666666667
3.5347058823529416
2.227777777777778
无效
无效
7.08625
7.275454545454545
无效
7.694615384615384
无效
4.288571428571428
1.820909090909091
5.005
1.1155555555555554
4.6706666666666665
6.669999999999999
无效
无效
无效
无效
8.572857142857142
1.6716666666666666
9.167500000000002
6.669999999999998
无效
-3.5959999999999996
6.821363636363637
4.121176470588233
5.656521739130433
0.9127272727272726
2.002666666666667
无效
5.940312500000001
无效
5.005
-1.24625
3.335555555555555
5.718571428571429
-4.994999999999999
无效
无效
-4.541818181818182
4.291428571428572
无效
4.71
5.005
3.3383333333333334
无效
6.002666666666666
7.336
4.285714285714286
4.1675
无效
无效
无效
无效
无效
无效
0.7738461538461537
-5.554444444444445
4.843870967741936
6.432142857142858
6.430714285714285
4.004
4.547272727272727
无效
3.005
6.670000000000002
无效
无效
无效
无效
无效
无效
无效
-3.682105263157895
0.0028571428571428116
2.0039999999999996
2.3866666666666654
2.500833333333333
4.549090909090908
5.604400000000001
无效
6.193333333333333
4.503500000000001
无效
5.001666666666666
无效
无效
1.6716666666666669
4.503500000000001
无效
10.0
2.0020000000000002
7.145714285714286
3.5764285714285724
5.003571428571427
无效
1.671666666666667
1.0739285714285716
2.7345454545454553
2.8599999999999994
2.3558823529411765
无效
7.778888888888888
3.3373333333333335
5.717142857142858
5.336666666666665
无效
-0.9036363636363639
无效
无效
5.005
无效
无效
无效
无效
无效
无效
-3.3333333333333335
无效
2.7345454545454553
无效
5.266842105263159
无效
0.007142857142857113
无效
无效
-3.6354545454545457
5.002142857142857
5.557777777777777
6.004000000000001
5.8374999999999995
7.145714285714285
6.668666666666668
3.5035000000000003
6.523478260869566
6.319473684210528
5.559999999999999
6.367272727272728
无效
无效
无效
0.006666666666666667
3.3377777777777777
-5.450000000000001
无效
无效
3.3366666666666673
无效
无效
无效
3.3333333333333335
8.572857142857142
5.558888888888889
5.717142857142856
7.335333333333332
4.005
1.116296296296297
无效
1.8793749999999994
8.183636363636362
5.5600000000000005
2.5055
5.005
无效
无效
无效
无效
7.2754545454545445
4.006
1.5423076923076928
5.005000000000002
0.002857142857142431
5.420416666666668
6.541923076923076
5.629375
4.710000000000001
6.0024
4.380624999999999
4.447777777777777
无效
8.334999999999999
无效
无效
无效
无效
7.145714285714284
10.0
无效
1.6708333333333332
0.002857142857142431
8.001999999999999
4.291428571428572
无效
1.25375
无效
无效
无效
7.145714285714284
3.0029999999999997
无效
5.717619047619048
6.670000000000001
6.67
无效
5.45909090909091
-2.4958333333333336
7.334666666666666
无效
无效
4.213157894736843
7.779999999999999
无效
7.729545454545455
3.7549999999999994
5.336666666666667
7.5025
1.0542105263157893
6.31842105263158
5.7726923076923065
1.6743333333333335
7.275454545454545
3.639090909090909
3.3386666666666662
5.886470588235294
2.8628571428571434
无效
无效
-1.661666666666667
-6.153076923076924
-3.2344117647058823
2.3107692307692305
9.001000000000001
无效
无效
无效
5.003571428571428
5.002999999999998
0.5583333333333337
7.145714285714285
4.447777777777777
4.003999999999999
无效
无效
5.003
7.780000000000001
4.54909090909091
无效
无效
无效
7.274545454545454
6.67
8.002
无效
5.837500000000002
7.085416666666667
3.755416666666669
4.351739130434783
4.521612903225808
3.0807692307692305
3.3386666666666662
2.227777777777778
6.003999999999999
4.670666666666666
3.003
-1.24375
无效
无效
无效
6.253749999999998
3.34
5.45909090909091
5.55888888888889
3.5323529411764705
5.421250000000001
3.8927777777777797
7.003
4.8177777777777795
1.4314285714285713
5.336666666666669
9.1675
无效
5.835833333333333
无效
6.0040000000000004
3.3366666666666673
1.8227272727272725
无效
1.6716666666666669
无效
无效
无效
无效
0.005555555555555536
8.801200000000001
5.6293750000000005
2.864285714285714
3.3383333333333334
4.29
1.0050000000000001
4.619230769230769
0.005384615384615713
1.4314285714285713
无效
无效
3.16157894736842
无效
无效
无效
无效
无效
无效
7.144285714285715
8.002
5.005
1.8793749999999998
0.006363636363636247
无效
无效
无效
0.4780952380952381
无效
3.1605263157894736
0.8358333333333334
0.9145454545454551
2.0066666666666664
无效
1.4352380952380959
0.6679999999999999
-8.947368421052632
3.003666666666667
无效
3.337777777777776
4.767142857142859
6.1933333333333325
-2.9388235294117653
5.003333333333332
无效
无效
无效
3.3366666666666664
无效
无效
无效
无效
8.0
无效
-3.8446153846153854
-10.0
无效
无效
-0.9090909090909091
3.8476923076923075
0.003333333333333298
8.889999999999999
4.741052631578949
7.003
3.689473684210526
7.2754545454545445
4.1725
6.926153846153846
无效
10.0
无效
6.669999999999999
无效
8.126875000000002
无效
4.169166666666666
5.5600000000000005
-1.3017391304347827
7.918749999999998
6.2524999999999995
8.94842105263158
6.193333333333333
8.572857142857142
9.286428571428573
无效
6.669999999999998
5.559999999999999
无效
无效
5.457272727272727
-1.6583333333333332
无效
10.0
7.693076923076925
8.001999999999999
无效
5.0
-0.45318181818181896
2.919583333333333
5.338
-1.0468421052631574
7.777777777777778
6.177941176470588
3.046956521739131
4.708823529411766
6.430714285714286
-0.5527777777777776
-3.996
7.693076923076924
5.3876923076923084
1.852592592592592
5.717619047619048
8.335
8.183636363636362
0.004545454545454449
5.389230769230769
1.6716666666666666
无效
无效
无效
无效
5.718571428571428
无效
无效
7.0605882352941185
8.334999999999999
5.457272727272727
6.364545454545453
9.565652173913042
5.886470588235294
10.0
无效
5.56
无效
无效
无效
2.6726666666666663
4.840645161290323
4.617692307692308
6.669047619047617
2.8614285714285708
3.7537499999999997
3.639090909090909
-2.9970000000000003
无效
无效
无效
6.669999999999999
无效
无效
1.2562499999999999
无效
8.82470588235294
7.145714285714285
无效
8.334999999999999
无效
4.002
1.6738888888888888
1.6694444444444432
5.557777777777779
4.711176470588234
6.25375
0.0033333333333332624
无效
2.7805555555555554
3.7562500000000005
7.145714285714286
5.338
4.3793750000000005
无效
7.2754545454545445
无效
无效
无效
4.003999999999999
4.739999999999998
无效
2.7816666666666667
2.2262962962962964
6.001333333333334
5.455454545454544
5.005000000000001
3.8916666666666675
无效
5.005000000000001
无效
6.157692307692306
7.201200000000001
无效
无效
无效
无效
无效
3.8119047619047626
6.878125000000001
5.835833333333334
5.669666666666668
7.5024999999999995
1.25875
3.337777777777778
6.154615384615384
7.2754545454545445
无效
1.1177777777777784
无效
5.835000000000002
7.502499999999999
无效
6.670000000000001
-2.6065217391304336
4.123529411764706
6.114999999999999
2.8614285714285717
8.948421052631579
1.6716666666666666
6.67
6.25375
6.253749999999998
无效
8.751249999999999
无效
无效
10.0
无效
无效
无效
-1.870625
2.864285714285714
6.365454545454546
5.837500000000001
无效
无效
无效
无效
1.5438461538461536
1.7694117647058822
1.2525
8.097142857142858
1.5423076923076926
6.25375
无效
无效
7.777777777777778
10.0
无效
5.912272727272727
7.649411764705881
无效
7.694615384615383
2.4019999999999997
4.710000000000002
4.5203225806451615
3.7537499999999997
6.924615384615385
5.338
7.145714285714284
无效
6.8781250000000025
无效
无效
5.266842105263159
3.639090909090909
3.531176470588236
7.003
3.75375
1.4314285714285713
3.3355555555555556
7.780000000000001
4.550909090909091
无效
无效
无效
无效
无效
7.859285714285713
7.003
-1.6633333333333333
7.142857142857143
7.2754545454545445
5.005
无效
7.145714285714284
无效
无效
无效
7.2754545454545445
6.004
4.547272727272728
7.502499999999999
5.18851851851852
2.5041666666666664
0.3356666666666674
-1.2462499999999999
7.061764705882353
9.001
6.670000000000002
7.145714285714286
0.00400000000000027
5.005000000000001
-4.995
2.1478571428571427
无效
无效
6.67
0.005000000000000391
5.005
2.505
7.896842105263158
无效
无效
1.2512499999999998
无效
无效
无效
5.002142857142857
8.75
6.004000000000001
8.42263157894737
8.75125
7.145714285714287
3.3386666666666667
7.5024999999999995
无效
9.167500000000002
4.853636363636363
8.463076923076922
无效
无效
无效
无效
无效
无效
3.003
5.715714285714285
6.670000000000001
无效
5.2988235294117665
无效
5.559999999999999
6.432142857142856
6.668095238095237
-5.621874999999999
无效
4.288571428571428
无效
5.005000000000001
无效
8.89
5.884117647058823
7.059411764705882
3.8751612903225823
2.004000000000001
3.3366666666666656
6.670000000000001
5.718571428571428
-0.5210526315789471
3.75375
2.6378947368421053
3.5335294117647056
4.380625
5.338
1.824545454545455
无效
无效
7.275454545454545
-4.998333333333334
无效
无效
7.383571428571427
6.432142857142857
无效
7.501249999999999
3.130625
6.669999999999999
5.239999999999999
6.209999999999999
3.5335294117647065
-3.326666666666666
3.3400000000000007
无效
无效
无效
9.001000000000001
-6.18857142857143
3.8507692307692314
5.558888888888889
6.670000000000001
无效
5.005000000000001
5.005000000000001
无效
无效
6.667777777777778
无效
8.334999999999999
5.626874999999999
5.0
无效
1.1177777777777775
5.005000000000001
6.367272727272726
无效
3.5045
5.005
4.620769230769231
7.274545454545454
无效
8.335
0.01
无效
无效
无效
无效
-6.151538461538461
无效
2.6134782608695657
1.820909090909091
0.0009090909090913742
6.926153846153846
无效
无效
5.718571428571429
0.002307692307692122
无效
7.37
无效
无效
7.142857142857143
7.143809523809525
4.504500000000001
6.474117647058824
4.289523809523811
1.6749999999999998
3.005
无效
7.145714285714286
无效
5.00375
5.559999999999999
5.005000000000001
2.1089473684210525
-6.920000000000001
8.335
无效
无效
无效
无效
无效
无效
4.288571428571429
无效
无效
无效
-2.494999999999999
无效
5.265789473684211
4.619230769230768
3.7537500000000006
5.718571428571429
3.128125
4.291428571428572
无效
无效
6.367272727272728
无效
5.005000000000001
无效
7.275454545454545
5.628125000000001
5.003181818181819
4.080000000000001
0.0014285714285713982
2.7290909090909086
6.25375
无效
无效
无效
无效
1.668333333333333
无效
无效
无效
-4.541818181818182
3.7537500000000006
6.67
8.334999999999999
0.9127272727272726
无效
无效
无效
0.00399999999999978
3.3355555555555556
1.67
9.445
1.879375
4.648214285714287
3.6863157894736838
6.84421052631579
4.002
无效
无效
5.718571428571429
无效
无效
1.6749999999999998
无效
3.3333333333333335
2.5025
3.5311764705882354
6.959565217391304
4.588750000000002
10.0
7.142857142857143
无效
无效
无效
3.6427272727272735
7.779259259259259
3.7549999999999994
0.5594444444444444
6.474117647058824
7.694615384615384
5.389230769230769
5.336666666666668
无效
无效
无效
无效
无效
8.889999999999999
无效
5.718571428571429
2.734545454545454
5.717142857142856
无效
4.1725
无效
无效
5.001666666666668
无效
无效
无效
无效
无效
无效
4.291428571428571
6.67
5.387692307692307
7.029459459459459
无效
无效
无效
3.7562500000000005
3.75375
无效
无效
无效
无效
无效
8.948421052631579
2.2768181818181823
4.2876190476190486
3.7077777777777787
6.67
无效
6.669999999999999
0.4595454545454544
-2.4975
5.005000000000001
6.472941176470588
3.3386666666666667
3.3366666666666664
-1.9959999999999998
4.74
4.786956521739134
-3.6831578947368424
-5.292941176470588
5.389230769230768
无效
6.367272727272726
无效
无效
-6.0
7.5025
7.502499999999999
6.474117647058825
7.5025
无效
5.0024999999999995
6.926153846153847
7.5024999999999995
无效
9.091818181818184
无效
无效
0.7707692307692301
无效
无效
无效
无效
4.549090909090908
1.5392307692307692
5.504500000000001
2.732727272727273
4.291428571428573
无效
5.002999999999999
无效
无效
无效
无效
8.183636363636365
3.34
2.9685185185185192
7.728636363636365
4.212105263157895
3.849230769230768
8.89
8.89
无效
无效
5.001666666666666
无效
4.213157894736843
3.9339285714285728
无效
2.227777777777778
1.2512499999999998
4.352608695652175
6.669999999999999
无效
无效
4.766190476190478
1.7717647058823525
9.091818181818184
3.4830434782608704
7.2754545454545445
4.550909090909091
7.273636363636364
3.34
无效
无效
4.288571428571428
5.387692307692309
5.718571428571429
5.221304347826089
无效
3.1281250000000003
5.334000000000001
无效
7.003
无效
无效
无效
无效
0.0027272727272723463
5.791578947368421
3.5535483870967743
3.642727272727272
2.861428571428571
无效
2.73090909090909
7.779999999999999
8.001999999999999
无效
无效
6.669047619047619
5.004999999999998
0.0
-1.6616666666666668
3.7562500000000014
无效
无效
无效
5.718571428571429
1.005
8.889999999999999
无效
无效
3.8507692307692305
3.048695652173913
1.5025
5.1899999999999995
4.549090909090908
无效
无效
5.715714285714286
无效
无效
无效
8.334999999999999
-0.36740740740740707
6.669999999999999
1.2562500000000005
无效
5.005
0.272972972972973
4.618461538461539
-4.998333333333334
3.128124999999999
8.334999999999999
8.463076923076924
无效
5.005
1.824545454545455
1.8245454545454545
3.6427272727272735
4.447777777777778
4.620769230769231
1.25625
无效
3.6427272727272726
无效
无效
4.447777777777777
无效
-1.665
1.6749999999999998
无效
6.366363636363636
5.8374999999999995
7.371052631578946
6.924615384615383
无效
3.3400000000000003
3.7512499999999998
8.751250000000002
8.572857142857142
6.668888888888887
7.085416666666667
4.1725
4.2871428571428565
无效
7.275454545454545
-2.3790476190476197
4.504499999999999
3.3360000000000003
6.6700000000000035
3.338888888888891
-7.777777777777778
无效
无效
无效
无效
无效
无效
无效
无效
0.0013043478260865425
6.669999999999999
3.3400000000000003
无效
-4.443333333333333
无效
无效
7.335999999999999
-0.7630769230769225
无效
无效
4.843225806451612
5.0024999999999995
5.5600000000000005
无效
5.457272727272727
5.837500000000001
7.777777777777778
7.694615384615384
8.75125
无效
5.655652173913043
7.5012500000000015
5.8374999999999995
4.550909090909091
6.926153846153848
无效
5.005
7.2754545454545445
无效
无效
无效
无效
4.765238095238097
1.4342857142857146
6.474117647058824
5.835833333333333
2.5025000000000004
9.091818181818182
2.674000000000001
无效
无效
无效
10.0
2.6713333333333327
4.710000000000001
1.8227272727272725
8.078076923076923
5.003571428571428
6.25375
8.572857142857142
无效
3.9324999999999997
无效
4.006
5.389230769230769
无效
无效
无效
无效
5.885294117647058
5.4877419354838715
8.15
6.004
5.005
无效
无效
无效
0.005000000000000782
10.0
无效
5.002142857142857
2.8642857142857148
无效
无效
无效
无效
无效
无效
无效
5.004999999999999
2.8023999999999996
无效
2.7327272727272724
3.7512499999999998
2.002000000000001
无效
5.56
6.67
无效
无效
无效
5.389230769230769
6.67
无效
无效
6.251250000000001
6.669999999999999
2.149285714285715
无效
7.274545454545455
无效
无效
0.01
无效
9.000999999999998
-6.426428571428572
无效
-4.997000000000001
5.718571428571429
无效
无效
5.005
0.0014285714285711443
2.804
4.766190476190477
-3.844615384615385
无效
无效
无效
8.334999999999999
无效
无效
7.145714285714285
0.003846153846153781
-2.2211111111111115
-0.9950000000000001
2.3099999999999996
无效
4.619230769230768
4.003333333333334
-1.1066666666666667
8.334999999999999
4.804399999999999
7.648823529411764
6.319473684210527
2.0060000000000002
0.007500000000000062
3.3333333333333335
无效
无效
9.583749999999998
5.459090909090909
3.005
3.5529032258064515
2.8600000000000003
无效
8.889999999999999
无效
6.318421052631578
6.669999999999999
无效
无效
无效
7.334666666666667
7.002999999999998
无效
7.501666666666666
5.001
4.122352941176469
无效
6.821363636363636
5.005000000000001
6.669999999999999
7.085416666666667
无效
4.504499999999999
3.505499999999999
1.1805882352941177
3.639090909090909
无效
1.6683333333333332
无效
无效
6.6691666666666665
2.7816666666666667
4.669333333333333
-1.1044444444444446
10.0
无效
3.1594736842105253
4.45
5.557777777777777
8.572857142857142
5.003571428571428
1.7658823529411765
无效
3.3377777777777773
7.310384615384613
4.6467857142857145
2.108947368421053
2.5025
无效
2.312307692307693
无效
无效
无效
无效
6.25375
7.668333333333334
7.275454545454542
无效
8.572857142857144
无效
无效
8.001000000000001
5.457272727272728
7.145714285714286
8.530294117647061
4.291428571428573
无效
8.42263157894737
8.780731707317074
10.0
6.089130434782609
4.3376666666666654
6.430714285714286
10.0
6.432142857142858
6.191428571428572
无效
6.573142857142855
7.392173913043478
3.7092592592592606
1.6716666666666666
5.718571428571428
3.34
无效
8.637272727272729
8.400799999999998
5.5045
6.669259259259259
2.6686666666666667
6.430714285714286
8.572857142857142
8.89
7.1450000000000005
6.336333333333332
1.6705555555555558
2.505833333333333
5.864137931034483
无效
无效
3.603200000000001
7.694615384615385
5.718571428571429
6.336999999999999
5.002777777777777
6.002
7.0009999999999994
1.4285714285714286
无效
2.8614285714285717
0.004285714285714225
无效
5.5600000000000005
无效
6.319473684210528
6.923076923076923
6.668666666666667
1.4328571428571435
5.718571428571429
5.2964705882352945
8.668000000000001
6.192380952380954
7.6938461538461524
8.261739130434782
8.335000000000003
无效
9.091818181818182
6.844210526315789
5.559259259259258
无效
6.668333333333332
0.5929411764705881
7.0605882352941185
6.367272727272729
5.884117647058823
5.419583333333333
7.41
无效
6.25375
6.8204545454545435
4.288571428571428
无效
6.67
6.554482758620689
8.47978260869565
7.8968421052631586
无效
8.572857142857142
7.224999999999999
6.668666666666668
5.005
3.162631578947368
5.420416666666665
6.002666666666667
1.367727272727273
2.8024
1.4314285714285713
无效
3.3400000000000003
6.8204545454545435
无效
7.145714285714285
无效
无效
8.002000000000002
7.371052631578948
6.25375
7.224999999999999
8.572857142857142
6.668666666666668
无效
5.001363636363636
7.502499999999999
1.5831578947368423
1.671666666666667
3.002999999999999
2.8024
7.0605882352941185
无效
2.223333333333333
8.335
2.8614285714285717
6.667333333333334
5.004000000000001
8.23705882352941
7.371052631578948
10.0
4.503500000000001
2.1464285714285714
3.8507692307692305
4.550909090909091
-3.527647058823529
4.711176470588235
-1.5361538461538464
6.253749999999998
4.403200000000001
5.602
8.75125
无效
无效
无效
无效
9.091818181818182
8.572380952380954
4.741052631578948
7.145714285714285
无效
无效
6.288857142857141
6.25125
6.5015
5.837500000000001
无效
4.0040000000000004
6.003999999999999
无效
无效
8.335
8.0
6.253749999999999
6.5035
-0.38115384615384645
6.156153846153846
8.001999999999999
4.549090909090911
1.2562499999999996
7.145714285714285
2.8614285714285717
0.0014285714285713982
3.1281250000000003
无效
-1.6649999999999998
3.3355555555555556
6.004
7.371052631578948
5.0007142857142854
6.001600000000001
2.781666666666667
0.5594444444444449
无效
9.001000000000001
4.3267567567567555
3.8523076923076927
5.005000000000001
无效
8.335
无效
无效
无效
9.375625
8.183636363636362
6.668666666666669
7.144761904761904
无效
无效
-1.6624999999999999
7.6015999999999995
2.1915625
4.123529411764706
无效
4.170833333333333
1.4342857142857142
3.3386666666666662
无效
无效
无效
无效
7.061764705882356
1.431428571428572
10.0
无效
4.351739130434783
5.557777777777777
5.717142857142858
无效
5.457272727272728
6.3654545454545435
无效
3.7524999999999995
0.7149999999999999
3.163684210526316
4.447777777777777
-2.663333333333334
7.145714285714284
1.6749999999999998
7.334666666666667
无效
无效
8.572857142857142
-8.331666666666667
4.003999999999999
无效
9.091818181818184
无效
7.933103448275862
8.572857142857142
6.114999999999999
3.7562499999999996
无效
无效
4.291428571428572
3.7537500000000006
5.718571428571429
无效
无效
8.57228571428571
3.639090909090908
无效
4.710000000000001
4.447777777777778
5.003333333333333
8.334166666666667
6.669999999999999
8.572857142857142
0.7192857142857142
无效
无效
无效
7.5024999999999995
5.835000000000001
无效
10.0
5.626875000000001
7.0009999999999994
1.0050000000000001
6.472941176470589
6.472941176470589
1.8227272727272734
8.001999999999999
8.001999999999999
7.502499999999999
6.365454545454545
8.334999999999999
0.006666666666666596
无效
无效
5.718571428571427
无效
8.002
8.572857142857142
无效
无效
2.731818181818182
5.558888888888888
4.1725
5.717142857142859
8.002000000000002
无效
10.0
无效
8.463076923076924
5.005
无效
5.005
10.0
4.767142857142859
5.717619047619048
6.25375
无效
无效
无效
6.25375
无效
无效
2.5066666666666655
9.091818181818184
无效
7.502499999999999
4.81851851851852
无效
无效
无效
无效
无效
无效
无效
无效
-7.4975000000000005
6.25375
4.215263157894737
0.6306250000000003
2.5050000000000003
4.447037037037038
无效
1.3366666666666667
5.718571428571427
2.5041666666666673
无效
4.291428571428572
8.572857142857142
无效
5.005000000000001
9.032580645161291
-1.1967999999999994
无效
3.6427272727272726
无效
5.267894736842106
5.005
-1.422857142857143
7.5025
无效
无效
无效
无效
无效
无效
9.001
无效
4.710000000000001
3.1306249999999998
6.193333333333333
1.5407692307692311
3.3366666666666664
无效
无效
4.547272727272727
6.25375
5.005
无效
无效
无效
5.558888888888889
6.208620689655173
7.693076923076922
-5.4975
无效
无效
-6.663333333333334
5.718571428571429
5.886470588235294
8.89
8.002
无效
6.669999999999999
无效
无效
无效
1.3095652173913042
-1.665
无效
无效
无效
无效
4.235000000000001
3.7512499999999998
3.338095238095239
4.587083333333334
无效
5.718571428571428
3.340000000000001
2.004
无效
3.3333333333333335
无效
9.500499999999999
6.669999999999998
无效
5.387692307692307
10.0
0.00555555555555573
无效
无效
7.08625
8.002
8.334999999999999
2.67
无效
7.780000000000001
6.670000000000001
无效
4.004
无效
3.3333333333333335
2.0040000000000004
无效
无效
1.4342857142857142
0.007142857142857021
2.2277777777777783
无效
6.365454545454546
4.291428571428572
7.002000000000001
无效
0.7221428571428571
无效
无效
2.227777777777778
无效
3.3333333333333335
无效
10.0
无效
5.005
无效
4.288571428571428
无效
2.7327272727272724
无效
无效
5.005
无效
无效
6.25125
无效
4.004
-2.3015384615384615
6.367272727272728
3.639090909090909
无效
无效
无效
4.288571428571429
4.0040000000000004
0.6706666666666667
6.156153846153847
4.81851851851852
5.557777777777777
8.001999999999999
3.0823076923076917
无效
3.3333333333333335
5.717142857142856
8.463076923076926
无效
6.366363636363636
无效
0.6318749999999999
无效
4.765238095238095
6.25375
无效
6.670000000000001
3.5750000000000006
8.572857142857142
3.5764285714285706
4.004
1.8209090909090906
5.002999999999999
3.7562500000000005
6.669999999999999
无效
无效
无效
无效
1.1155555555555554
无效
无效
3.003
4.291428571428572
6.25375
无效
无效
无效
3.812857142857143
5.0
4.54909090909091
无效
无效
无效
无效
5.335333333333335
无效
0.002727272727272669
1.1133333333333333
-2.1407142857142856
3.752499999999999
7.145714285714285
5.718571428571429
无效
3.3366666666666664
2.10578947368421
2.312307692307693
5.005
3.3377777777777777
无效
-8.0
无效
无效
6.670000000000001
3.6409090909090907
8.335
1.4342857142857142
5.005
7.223888888888889
3.7562500000000014
无效
4.0040000000000004
6.66888888888889
7.502499999999999
5.00375
4.291428571428572
9.334
5.002999999999999
9.445
无效
7.780000000000001
4.6693333333333324
8.335
无效
无效
无效
无效
无效
4.0040000000000004
2.505
7.003
6.669999999999999
1.6716666666666666
无效
无效
无效
6.002666666666668
无效
无效
无效
0.9127272727272725
4.708823529411765
5.2988235294117665
无效
无效
5.55888888888889
3.131875
无效
无效
10.0
4.351739130434782
无效
无效
2.505
5.5035
无效
6.367272727272726
5.004999999999999
1.0029999999999997
5.004999999999999
无效
无效
7.145714285714284
6.157692307692309
3.1293750000000005
3.003
2.7290909090909086
5.188518518518519
7.2754545454545445
无效
2.8642857142857148
无效
无效
7.502499999999999
5.715714285714285
7.275454545454545
无效
无效
无效
10.0
4.003999999999999
8.335
6.004
6.157692307692307
9.091818181818184
5.005000000000001
4.09409090909091
1.879375
无效
0.006666666666666632
无效
