[0.9961578]
[0.29057306]
[0.99795985]
[0.00409415]
[0.98905265]
[0.9439163]
[0.9719328]
[0.98754776]
[0.99858844]
[0.9948406]
[0.98477495]
[0.9424599]
[0.9721632]
[0.9699621]
[0.99926543]
[0.99925935]
[0.99817073]
[0.89109313]
[0.99707395]
[0.9887095]
[0.9978895]
[0.7491885]
[0.00930908]
[0.9867667]
[0.9986691]
[0.01994389]
[0.99918175]
[0.99738055]
[0.98679996]
[0.5403392]
[0.998104]
[0.8875787]
[0.21135011]
[0.17071784]
[0.03228]
[0.8540398]
[0.7487885]
[0.9942441]
[0.4788819]
[0.04729858]
[0.9774897]
[0.9986731]
[0.92934644]
[0.9546612]
[0.71592426]
[0.9620545]
[0.91432357]
[0.98979616]
[0.71397054]
[0.99882007]
[0.00885639]
[0.00454712]
[0.9992658]
[0.9987297]
[0.9983294]
[0.94752634]
[0.9933991]
[0.951902]
[0.992545]
[0.99727714]
[0.9982717]
[0.3268807]
[0.00296238]
[0.9683831]
[0.99890864]
[0.98481053]
[0.99923784]
[0.9971762]
[0.99733543]
[0.9972245]
[0.5848082]
[0.08938384]
[0.9911752]
[0.00193903]
[0.954185]
[0.99890995]
[0.9895033]
[0.5545852]
[0.9975717]
[0.6367465]
[0.19549707]
[0.9985355]
[0.9595926]
[0.9992626]
[0.00429997]
[0.9958811]
[0.9935559]
[0.9972606]
[0.9951899]
[0.2758112]
[0.99820447]
[0.99627775]
[0.2024661]
[0.07731399]
[0.97775483]
[0.9817329]
[0.57382613]
[0.9616241]
[0.04972374]
[0.997465]
[0.9989641]
[0.99940664]
[0.98599374]
[0.04737023]
[0.9899186]
[0.99602795]
[0.7200945]
[0.9967625]
[0.39501527]
[0.6945976]
[0.00671819]
[0.9649241]
[0.01127172]
[0.99915004]
[0.9384906]
[0.00522879]
[0.87518376]
[0.00662526]
[0.00396013]
[0.99839604]
[0.9958534]
[0.9802245]
[0.989499]
[0.02019036]
[0.9935589]
[0.9803728]
[0.9990455]
[0.9834739]
[0.00787312]
[0.99922264]
[0.9988037]
[0.9972103]
[0.9570867]
[0.99602985]
[0.99705887]
[0.9727936]
[0.00172007]
[0.967284]
[0.9835972]
[0.9866369]
[0.99177516]
[0.99320304]
[0.7534447]
[0.99265164]
[0.8671076]
[0.03126183]
[0.99360067]
[0.992329]
[0.71572906]
[0.9891237]
[0.9832355]
[0.9956199]
[0.9348062]
[0.0252901]
[0.91431475]
[0.69509286]
[0.10766664]
[0.2927143]
[0.99709684]
[0.00398824]
[0.00379619]
[0.99913025]
[0.00411686]
[0.99673426]
[0.9971676]
[0.99046373]
[0.5157092]
[0.00376463]
[0.98982877]
[0.95962656]
[0.9640098]
[0.97924054]
[0.9970418]
[0.9993983]
[0.9977155]
[0.9771842]
[0.3910548]
[0.02087957]
[0.02433869]
[0.10430437]
[0.18087122]
[0.6852569]
[0.8968048]
[0.96874106]
[0.05430883]
[0.9919994]
[0.99922776]
[0.9991964]
[0.9945228]
[0.99085355]
[0.9971728]
[0.9964371]
[0.9947471]
[0.04401463]
[0.97846633]
[0.0488323]
[0.98384583]
[0.82984835]
[0.9940957]
[0.2922192]
[0.9721202]
[0.99912167]
[0.99873734]
[0.99579847]
[0.98975873]
[0.99436104]
[0.6537558]
[0.90650004]
[0.9746821]
[0.20007315]
[0.99831116]
[0.9962722]
[0.9973856]
[0.99155915]
[0.9147972]
[0.99713993]
[0.9970908]
[0.99950445]
[0.57972044]
[0.5495535]
[0.9826689]
[0.03235012]
[0.9902092]
[0.77413774]
[0.9835067]
[0.00213912]
[0.9975642]
[0.99855363]
[0.94855726]
[0.99920833]
[0.97181046]
[0.00522667]
[0.99094164]
[0.07275322]
[0.99583805]
[0.9970577]
[0.03108427]
[0.997293]
[0.9973217]
[0.9992225]
[0.96248174]
[0.9972612]
[0.81224304]
[0.99792737]
[0.98142767]
[0.00479871]
[0.2787969]
[0.02471146]
[0.99684036]
[0.7661501]
[0.96781754]
[0.7601998]
[0.39699733]
[0.9744456]
[0.00663805]
[0.992484]
[0.30081725]
[0.07742479]
[0.99718195]
[0.04429567]
[0.9836222]
[0.99717]
[0.9968229]
[0.99907357]
[0.03453007]
[0.93480766]
[0.01368564]
[0.24533322]
[0.37139118]
[0.98249924]
[0.00573352]
[0.98645973]
[0.00479892]
[0.37785602]
[0.00865403]
[0.99479395]
[0.99627113]
[0.9940263]
[0.98727024]
[0.9699738]
[0.9694172]
[0.0222185]
[0.14219534]
[0.9990014]
[0.99715793]
[0.1256333]
[0.99349415]
[0.9972304]
[0.98575175]
[0.9724541]
[0.99673396]
[0.01069579]
[0.99750334]
[0.6951557]
[0.14772671]
[0.08221516]
[0.11396286]
[0.9770812]
[0.98882145]
[0.9928725]
[0.9988042]
[0.53608817]
[0.77329147]
[0.00892439]
[0.9940692]
[0.9895787]
[0.02027634]
[0.9953382]
[0.9928949]
[0.99893594]
[0.99922514]
[0.99894536]
[0.99045575]
[0.99722064]
[0.0055353]
[0.9797411]
[0.99868065]
[0.99925876]
[0.9971877]
[0.9910987]
[0.00468355]
[0.99718153]
[0.9987632]
[0.31769082]
[0.01801401]
[0.99725676]
[0.9716264]
[0.261595]
[0.0741291]
[0.9982978]
[0.00148141]
[0.04118267]
[0.00232658]
[0.98162115]
[0.18208909]
[0.91129696]
[0.02798027]
[0.23790121]
[0.99002594]
[0.9972811]
[0.99925494]
[0.9958246]
[0.9947367]
[0.2834906]
[0.93376935]
[0.9992462]
[0.00513726]
[0.99633014]
[0.9971777]
[0.00315517]
[0.98928046]
[0.8930472]
[0.9952942]
[0.9854528]
[0.5010448]
[0.9913963]
[0.8461327]
[0.9156958]
[0.9689809]
[0.9882765]
[0.99719036]
[0.9991071]
[0.99749124]
[0.9994244]
[0.99924886]
[0.8999976]
[0.27234226]
[0.99726593]
[0.99829173]
[0.9925331]
[0.7585826]
[0.24685115]
[0.9950026]
[0.74505097]
[0.99885607]
[0.99762166]
[0.00291213]
[0.9954858]
[0.98963344]
[0.06308976]
[0.72843295]
[0.99715966]
[0.9970715]
[0.9991572]
[0.9970852]
[0.9971585]
[0.9734782]
[0.9992533]
[0.960112]
[0.9874894]
[0.00229636]
[0.97027814]
[0.94092095]
[0.9893713]
[0.25353673]
[0.07889801]
[0.96748745]
[0.99340975]
[0.9978037]
[0.8545053]
[0.9932815]
[0.99079114]
[0.9844415]
[0.9609567]
[0.9990938]
[0.9992472]
[0.9990689]
[0.5209647]
[0.00427845]
[0.99734604]
[0.9946826]
[0.99863553]
[0.96227074]
[0.9854438]
[0.80323815]
[0.90045494]
[0.54088813]
[0.99914855]
[0.00153828]
[0.1685094]
[0.24015564]
[0.04553634]
[0.9816914]
[0.00132352]
[0.99850535]
[0.64389014]
[0.11351684]
[0.03171685]
[0.99174064]
[0.99343276]
[0.9957911]
[0.99679685]
[0.9541419]
[0.99901855]
[0.02677116]
[0.97287786]
[0.00161132]
[0.86772865]
[0.9682015]
[0.01023167]
[0.92713225]
[0.0008536]
[0.00258863]
[0.9974325]
[0.00153437]
[0.9046178]
[0.98430264]
[0.98430264]
[0.9946351]
[0.5388848]
[0.47832546]
[0.00089416]
[0.9893334]
[0.97867286]
[0.9953611]
[0.99686575]
[0.8253052]
[0.00284624]
[0.00057346]
[0.00822088]
[0.99747527]
[0.99659085]
[0.99854636]
[0.99730253]
[0.99905586]
[0.9959003]
[0.99765205]
[0.99675727]
[0.9977807]
[0.9967778]
[0.81014884]
[0.98817885]
[0.00223976]
[0.00216809]
[0.7907435]
[0.01190093]
[0.99459743]
[0.2621907]
[0.9990897]
[0.99533224]
[0.99846196]
[0.07676646]
[0.9870783]
[0.9966229]
[0.98276263]
[0.11128372]
[0.9924412]
[0.08975956]
[0.6727879]
[0.9991802]
[0.9988564]
[0.9560858]
[0.9966397]
[0.29704082]
[0.965837]
[0.9993739]
[0.99835217]
[0.99905396]
[0.00757563]
[0.99731743]
[0.9989476]
[0.00445807]
[0.99843943]
[0.2591585]
[0.996917]
[0.99592406]
[0.9972501]
[0.99441004]
[0.99707747]
[0.9977291]
[0.9930266]
[0.845099]
[0.8799116]
[0.00218663]
[0.99743724]
[0.99884903]
[0.9976727]
[0.999591]
[0.49839228]
[0.04144385]
[0.99897707]
[0.84669983]
[0.9982978]
[0.99257445]
[0.99591166]
[0.99626607]
[0.0037114]
[0.9197051]
[0.9747057]
[0.9591173]
[0.80727875]
[0.991195]
[0.8280302]
[0.95426077]
[0.9279324]
[0.03229296]
[0.02157968]
[0.02713823]
[0.69311523]
[0.9811578]
[0.15627626]
[0.7944448]
[0.99631286]
[0.98955464]
[0.9972627]
[0.00442761]
[0.9980446]
[0.99719965]
[0.99773455]
[0.9980329]
[0.9975734]
[0.9848748]
[0.9971508]
[0.9385592]
[0.9733411]
[0.99132764]
[0.865535]
[0.92765725]
[0.99249846]
[0.995731]
[0.3736947]
[0.01015234]
[0.00253353]
[0.00244707]
[0.91974056]
[0.99691314]
[0.98542225]
[0.9965825]
[0.8947135]
[0.9663901]
[0.3119321]
[0.96724176]
[0.16303694]
[0.0349212]
[0.94696057]
[0.99894303]
[0.9759519]
[0.9862166]
[0.9988644]
[0.99908257]
[0.00573209]
[0.99587595]
[0.01570067]
[0.01570067]
[0.99833345]
[0.99924374]
[0.9975356]
[0.98549676]
[0.6424958]
[0.5883305]
[0.00139374]
[0.9969011]
[0.9990479]
[0.7012602]
[0.95122004]
[0.46075836]
[0.796044]
[0.9987683]
[0.99355245]
[0.11401194]
[0.99691314]
[0.93818927]
[0.9975982]
[0.99897385]
[0.01504117]
[0.99886346]
[0.96058965]
[0.32274657]
[0.99849653]
[0.2915486]
[0.00037944]
[0.9987817]
[0.00457594]
[0.9227358]
[0.99524754]
[0.89200723]
[0.9946519]
[0.99882746]
[0.99917996]
[0.00675601]
[0.9891393]
[0.9467026]
[0.99864924]
[0.03866434]
[0.99923146]
[0.9992157]
[0.99920416]
[0.9971297]
[0.9926276]
[0.01570067]
[0.92716014]
[0.60816604]
[0.01079917]
[0.8129684]
[0.99132633]
[0.9979272]
[0.9992516]
[0.00389951]
[0.99547404]
[0.8428184]
[0.97052646]
[0.20062709]
[0.9665041]
[0.9938258]
[0.963962]
[0.24682853]
[0.41777134]
[0.49708426]
[0.99691314]
[0.99732995]
[0.9735589]
[0.9963207]
[0.9982556]
[0.00253353]
[0.94143844]
[0.98990035]
[0.99779063]
[0.9830264]
[0.00524172]
[0.56461614]
[0.95248103]
[0.9232621]
[0.78786814]
[0.99682194]
[0.8987118]
[0.21128991]
[0.99742633]
[0.997249]
[0.9976679]
[0.9991502]
[0.9970789]
[0.0047982]
[0.9971684]
[0.01570067]
[0.9972266]
[0.9989648]
[0.01570067]
[0.99646294]
[0.7858612]
[0.99518734]
[0.895574]
[0.99953216]
[0.9950526]
[0.02777183]
[0.84796417]
[0.9949589]
[0.9872768]
[0.99341154]
[0.9990268]
[0.9949993]
[0.07963076]
[0.8759756]
[0.9720891]
[0.9970387]
[0.6823292]
[0.8636248]
[0.82911]
[0.8017573]
[0.9900186]
[0.895522]
[0.01770169]
[0.03937024]
[0.9946995]
[0.9853302]
[0.9961813]
[0.00904271]
[0.97743255]
[0.9503864]
[0.96087766]
[0.99908113]
[0.9889464]
[0.9990269]
[0.99734396]
[0.99721515]
[0.9969402]
[0.9375925]
[0.97888714]
[0.04091763]
[0.88719785]
[0.99925995]
[0.9992649]
[0.00474635]
[0.9968736]
[0.9971545]
[0.99678546]
[0.97092414]
[0.92902136]
[0.9900683]
[0.88199896]
[0.99315906]
[0.5817444]
[0.97867614]
[0.9869481]
[0.9980659]
[0.9973988]
[0.00334537]
[0.9749491]
[0.15107313]
[0.9968835]
[0.967307]
[0.19777739]
[0.9886476]
[0.99370825]
[0.20885181]
[0.9855125]
[0.99924433]
[0.9973325]
[0.9850165]
[0.99661684]
[0.2826434]
[0.06790465]
[0.98794353]
[0.99453723]
[0.9990777]
[0.997841]
[0.999191]
[0.9850533]
[0.00693309]
[0.9971847]
[0.996316]
[0.99925417]
[0.99908066]
[0.9991914]
[0.99911976]
[0.74036694]
[0.9704596]
[0.0075188]
[0.9968338]
[0.6971196]
[0.9970939]
[0.9834057]
[0.00533065]
[0.00424933]
[0.9685703]
[0.88240016]
[0.2901038]
[0.10690093]
[0.54901206]
[0.85432005]
[0.00559998]
[0.96682864]
[0.9620043]
[0.33426437]
[0.97721386]
[0.23346257]
[0.99922514]
[0.9945849]
[0.9979755]
[0.9905139]
[0.04746518]
[0.99854195]
[0.9941423]
[0.95484173]
[0.07587868]
[0.99597013]
[0.9626928]
[0.52195245]
[0.76011467]
[0.00113732]
[0.9687581]
[0.00160939]
[0.8732343]
[0.9943979]
[0.01091856]
[0.99710304]
[0.8960504]
[0.9894474]
[0.01570067]
[0.02306098]
[0.00156152]
[0.9873198]
[0.98990965]
[0.00688428]
[0.7587332]
[0.99874103]
[0.9920845]
[0.00676036]
[0.9964335]
[0.00545454]
[0.34557542]
[0.7962776]
[0.01530939]
[0.8104155]
[0.11289665]
[0.99660206]
[0.04614571]
[0.9936948]
[0.9275361]
[0.998065]
[0.02411795]
[0.06024826]
[0.99900126]
[0.99001944]
[0.996611]
[0.98944825]
[0.9933796]
[0.00721616]
[0.99745804]
[0.40816382]
[0.99936587]
[0.97963]
[0.9964696]
[0.95221937]
[0.9597062]
[0.9987227]
[0.9819706]
[0.01046374]
[0.94981337]
[0.9963196]
[0.8792014]
[0.07405171]
[0.9856504]
[0.99773383]
[0.9991182]
[0.99907196]
[0.9926406]
[0.06045529]
[0.9992237]
[0.79086053]
[0.3733468]
[0.719957]
[0.9659933]
[0.14153689]
[0.99449325]
[0.2758233]
[0.9877918]
[0.9816014]
[0.95808375]
[0.99255073]
[0.03813773]
[0.99625033]
[0.2862507]
[0.9985632]
[0.9775063]
[0.99915993]
[0.9859301]
[0.00552601]
[0.00448593]
[0.9988096]
[0.8656074]
[0.9971837]
[0.9965886]
[0.7948797]
[0.99161315]
[0.98213446]
[0.9221753]
[0.5943308]
[0.9886739]
[0.976454]
[0.99871415]
[0.26763874]
[0.05817723]
[0.85294116]
[0.11462703]
[0.9928281]
[0.99745446]
[0.992625]
[0.97454274]
[0.9992264]
[0.99707645]
[0.9973551]
[0.99905604]
[0.99672437]
[0.00802395]
[0.9972759]
[0.9942684]
[0.99215317]
[0.7556617]
[0.9973955]
[0.99646914]
[0.9901886]
[0.7153601]
[0.45212466]
[0.14084879]
[0.9989698]
[0.69771016]
[0.00155121]
[0.9991971]
[0.0402739]
[0.9987649]
[0.9939287]
[0.90140235]
[0.37694728]
[0.8752496]
[0.0051361]
[0.77158517]
[0.9971336]
[0.9958668]
[0.9841935]
[0.999052]
[0.99706954]
[0.996114]
[0.997278]
[0.98168504]
[0.99761665]
[0.03101188]
[0.9766922]
[0.9885737]
[0.99920607]
[0.99923825]
[0.9992598]
[0.8116293]
[0.99745154]
[0.9968746]
[0.99921954]
[0.97665185]
[0.9980208]
[0.9982133]
[0.00098681]
[0.02526203]
[0.99820685]
[0.95798105]
[0.9208087]
[0.99864995]
[0.9967234]
[0.99775755]
[0.99754906]
[0.94054633]
[0.9992294]
[0.99909663]
[0.27848414]
[0.84462804]
[0.99950707]
[0.9991082]
[0.9971705]
[0.5609519]
[0.06633842]
[0.99837947]
[0.9977383]
[0.99920034]
[0.9990531]
[0.9952657]
[0.9974772]
[0.9983499]
[0.9866017]
[0.7780335]
[0.02822167]
[0.9976569]
[0.9680395]
[0.01000008]
[0.45609587]
[0.01363239]
[0.99308246]
[0.9913322]
[0.9946444]
[0.9979098]
[0.998157]
[0.9974543]
[0.86477166]
[0.996869]
[0.9991846]
[0.95024073]
[0.997216]
[0.08933476]
[0.9972335]
[0.9990816]
[0.01020718]
[0.86776865]
[0.9957954]
[0.00537163]
[0.99583995]
[0.02822167]
[0.07137242]
[0.99840313]
[0.99966526]
[0.99864966]
[0.31097203]
[0.9981384]
[0.96158725]
[0.99877787]
[0.99862456]
[0.02016193]
[0.9991847]
[0.9985394]
[0.99698406]
[0.99908876]
[0.9992548]
[0.99742043]
[0.95900834]
[0.9972456]
[0.04753286]
[0.00788173]
[0.99922144]
[0.9813619]
[0.02822167]
[0.02822167]
[0.01116908]
[0.00775006]
[0.9105326]
[0.15888333]
[0.00320694]
[0.46181923]
[0.99811846]
[0.996205]
[0.9970076]
[0.00257739]
[0.9978727]
[0.9125581]
[0.9802377]
[0.99355125]
[0.99093306]
[0.99770087]
[0.97390985]
[0.9992437]
[0.9931358]
[0.9991486]
[0.9971097]
[0.9988351]
[0.99731886]
[0.997214]
[0.99011254]
[0.98898613]
[0.9952849]
[0.95149094]
[0.98858833]
[0.0282217]
[0.9961205]
[0.84981954]
[0.13200071]
[0.00725657]
[0.8647844]
[0.0297868]
[0.9536176]
[0.99342537]
[0.99603206]
[0.43492588]
[0.12006775]
[0.39695185]
[0.00117803]
[0.99464965]
[0.9968562]
[0.02262443]
[0.10841373]
[0.998447]
[0.9681159]
[0.9770471]
[0.9762139]
[0.8654399]
[0.99925613]
[0.93603146]
[0.9989785]
[0.99792075]
[0.9914255]
[0.99922156]
[0.99919385]
[0.998698]
[0.99924636]
[0.9971416]
[0.9971597]
[0.9973334]
[0.02822167]
[0.9990507]
[0.8846774]
[0.99820465]
[0.9974474]
[0.9973407]
[0.9969445]
[0.6655704]
[0.9956271]
[0.03484038]
[0.9963407]
[0.94406515]
[0.14037973]
[0.9971844]
[0.79220414]
[0.92565584]
[0.02822167]
[0.99660283]
[0.96568704]
[0.33854967]
[0.05703533]
[0.7056928]
[0.9991782]
[0.98262686]
[0.86355656]
[0.9987767]
[0.990801]
[0.99255633]
[0.9641479]
[0.45278382]
[0.0058963]
[0.23093832]
[0.9992249]
[0.99889576]
[0.03491986]
[0.9977664]
[0.9971714]
[0.9850682]
[0.02090678]
[0.02484754]
[0.9965626]
[0.99544513]
[0.998463]
[0.9969428]
[0.9993495]
[0.9980559]
[0.996937]
[0.99713266]
[0.9971344]
[0.9970688]
[0.9979627]
[0.99925244]
[0.88046944]
[0.997862]
[0.9992441]
[0.0041306]
[0.9969113]
[0.9469778]
[0.8448604]
[0.97949266]
[0.71637833]
[0.10345724]
[0.9907032]
[0.9979084]
[0.98844916]
[0.3880772]
[0.27593386]
[0.25632128]
[0.9191767]
[0.97629297]
[0.9966308]
[0.81840456]
[0.03546187]
[0.9991359]
[0.01984274]
[0.9982039]
[0.90948486]
[0.96826863]
[0.9943979]
[0.99701184]
[0.989565]
[0.9930283]
[0.9817382]
[0.15264687]
[0.9954427]
[0.99878335]
[0.99709344]
[0.9991976]
[0.99916196]
[0.9992678]
[0.39446086]
[0.00463721]
[0.971969]
[0.9942111]
[0.9992612]
[0.99890643]
[0.997256]
[0.9992057]
[0.01133859]
[0.99632776]
[0.9942024]
[0.9971615]
[0.9971601]
[0.99619925]
[0.7516519]
[0.99720633]
[0.06467324]
[0.00273329]
[0.50011665]
[0.07375547]
[0.98866254]
[0.44089]
[0.99807006]
[0.5166542]
[0.9883997]
[0.99839187]
[0.20684779]
[0.9759866]
[0.99657106]
[0.01573589]
[0.9992193]
[0.99603486]
[0.84166765]
[0.9991813]
[0.9974202]
[0.9980575]
[0.9303367]
[0.9853636]
[0.00136775]
[0.18002817]
[0.99715286]
[0.8207042]
[0.9980444]
[0.81708884]
[0.9775833]
[0.00788957]
[0.85315394]
[0.556694]
[0.97105503]
[0.9935577]
[0.9976086]
[0.9798808]
[0.99423784]
[0.9993789]
[0.9985477]
[0.05038679]
[0.99761975]
[0.99664086]
[0.04868117]
[0.9811088]
[0.9872916]
[0.00111943]
[0.99555886]
[0.00862506]
[0.9837155]
[0.99925184]
[0.983501]
[0.0282217]
[0.8504907]
[0.9593524]
[0.9855558]
[0.9991392]
[0.97600317]
[0.8855075]
[0.9972587]
[0.99722517]
[0.9988831]
[0.03348497]
[0.77078503]
[0.01511034]
[0.8726549]
[0.98886216]
[0.02822167]
[0.9960798]
[0.10659635]
[0.00084975]
[0.04591843]
[0.25004646]
[0.66470516]
[0.7757969]
[0.99792194]
[0.99910754]
[0.04078171]
[0.97093904]
[0.01522452]
[0.17612255]
[0.9385308]
[0.95661354]
[0.979138]
[0.9558959]
[0.9905531]
[0.9344792]
[0.9974797]
[0.6444412]
[0.8174808]
[0.99841416]
[0.42917767]
[0.00687352]
[0.00378102]
[0.9990837]
[0.01587322]
[0.9972304]
[0.95345354]
[0.18673214]
[0.9953777]
[0.00205827]
[0.03937966]
[0.9901184]
[0.99033546]
[0.9820777]
[0.995468]
[0.9610121]
[0.98756254]
[0.9952454]
[0.95763326]
[0.00196913]
[0.11354011]
[0.9987525]
[0.7148274]
[0.00189319]
[0.89916253]
[0.7561563]
[0.99733055]
[0.9990067]
[0.9977298]
[0.9963485]
[0.99712056]
[0.97431856]
[0.99892205]
[0.9988912]
[0.9812757]
[0.99912024]
[0.9977366]
[0.99705756]
[0.997097]
[0.995962]
[0.99830675]
[0.30712813]
[0.09916252]
[0.98898125]
[0.9985558]
[0.34213597]
[0.5592539]
[0.02822167]
[0.07940218]
[0.00844327]
[0.99754703]
[0.68119746]
[0.8410325]
[0.7908758]
[0.9962121]
[0.98774904]
[0.6418209]
[0.05533597]
[0.00941658]
[0.99455327]
[0.9935051]
[0.09627089]
[0.99919176]
[0.99479336]
[0.9951037]
[0.99914026]
[0.9969244]
[0.9970751]
[0.1728153]
[0.99505234]
[0.99882454]
[0.99761236]
[0.9911438]
[0.98300517]
[0.99713194]
[0.99802184]
[0.9963386]
[0.99901116]
[0.99389684]
[0.00573918]
[0.9869883]
[0.9876189]
[0.9991284]
[0.99956083]
[0.98938286]
[0.00597799]
[0.99841535]
[0.99417675]
[0.02239457]
[0.96295094]
[0.01099893]
[0.9948876]
[0.9913254]
[0.99824274]
[0.9976299]
[0.99330944]
[0.46889454]
[0.00465]
[0.38589883]
[0.99925065]
[0.9971995]
[0.9952524]
[0.38933712]
[0.9990288]
[0.00577497]
[0.9991621]
[0.999083]
[0.99908787]
[0.05059764]
[0.02822167]
[0.18467769]
[0.9608515]
[0.99926233]
[0.39062184]
[0.9992332]
[0.9971232]
[0.95670474]
[0.99855614]
[0.9979049]
[0.99724805]
[0.9923047]
[0.9409641]
[0.24882069]
[0.1436078]
[0.41655904]
[0.3634705]
[0.958485]
[0.99746156]
[0.99805534]
[0.41829798]
[0.9987915]
[0.9956372]
[0.9994315]
[0.9986578]
[0.99648035]
[0.9423491]
[0.99597156]
[0.997568]
[0.9950737]
[0.99446774]
[0.9959482]
[0.9943322]
[0.9724101]
[0.9900423]
[0.9974309]
[0.9953637]
[0.9981822]
[0.9971378]
[0.02937123]
[0.9964205]
[0.9911587]
[0.99084306]
[0.9972185]
[0.99712217]
[0.9969623]
[0.9962064]
[0.9972148]
[0.9977517]
[0.00775853]
[0.07821617]
[0.9893869]
[0.9891155]
[0.02372572]
[0.40205348]
[0.54535234]
[0.40167004]
[0.9945365]
[0.23447227]
[0.39268535]
[0.01855692]
[0.9989555]
[0.9984759]
[0.00534624]
[0.11020797]
[0.7899816]
[0.98958725]
[0.9988314]
[0.79617465]
[0.52346927]
[0.99879074]
[0.9991241]
[0.99874485]
[0.9991386]
[0.96999943]
[0.9988371]
[0.9832359]
[0.99922884]
[0.09773564]
[0.9966637]
[0.9803852]
[0.9975568]
[0.9971956]
[0.998955]
[0.00505444]
[0.9989728]
[0.998875]
[0.99200994]
[0.9981513]
[0.0018799]
[0.00087512]
[0.97455466]
[0.12675661]
[0.9246602]
[0.9988384]
[0.00730094]
[0.10986841]
[0.80283433]
[0.97112393]
[0.9984038]
[0.27296126]
[0.9976595]
[0.0161103]
[0.9917656]
[0.724141]
[0.98974025]
[0.9981245]
[0.00478321]
[0.9968021]
[0.9991582]
[0.99883264]
[0.9735869]
[0.99566674]
[0.01122871]
[0.00145099]
[0.56138355]
[0.9991405]
[0.00228864]
[0.9816097]
[0.00211281]
[0.9776567]
[0.99284685]
[0.9984405]
[0.8682963]
[0.98998606]
[0.91403425]
[0.9657738]
[0.9323434]
[0.9971679]
[0.99731445]
[0.9864093]
[0.9990015]
[0.8692433]
[0.9966643]
[0.9972491]
[0.96648204]
[0.99717027]
[0.00465563]
[0.9987505]
[0.9965097]
[0.9966644]
[0.9050586]
[0.74341905]
[0.9911517]
[0.99829394]
[0.99915004]
[0.9990571]
[0.9922838]
[0.04147989]
[0.9932417]
[0.00809473]
[0.9992261]
[0.99926174]
[0.99754786]
[0.0061729]
[0.9986344]
[0.99786973]
[0.77757704]
[0.9898753]
[0.99944735]
[0.9977633]
[0.99038017]
[0.9982041]
[0.99786264]
[0.00172973]
[0.9843997]
[0.02536839]
[0.9992249]
[0.997121]
[0.99682224]
[0.90673006]
[0.99869335]
[0.99869335]
[0.99152404]
[0.99902546]
[0.9700175]
[0.9941257]
[0.99227554]
[0.13085815]
[0.99437416]
[0.9231858]
[0.00317797]
[0.9578424]
[0.99637073]
[0.97038555]
[0.99313664]
[0.00086319]
[0.9992691]
[0.9890382]
[0.4061246]
[0.9917472]
[0.03096879]
[0.9990601]
[0.99553055]
[0.9971602]
[0.9846556]
[0.99889743]
[0.99754655]
[0.99667615]
[0.9971943]
[0.97337395]
[0.04903799]
[0.9992554]
[0.99923515]
[0.99847865]
[0.9970132]
[0.9971832]
[0.99678534]
[0.99891806]
[0.98609525]
[0.9957049]
[0.99486196]
[0.0073761]
[0.0005821]
[0.9839218]
[0.9963776]
[0.9766419]
[0.8921325]
[0.99840164]
[0.0178009]
[0.9886068]
[0.00428885]
[0.89040565]
[0.9941751]
[0.99809873]
[0.98799646]
[0.999303]
[0.996354]
[0.99925923]
[0.9968908]
[0.00434804]
[0.997203]
[0.9991364]
[0.9896801]
[0.99918795]
[0.99909]
[0.99900514]
[0.02940947]
[0.5170316]
[0.00694132]
[0.9728968]
[0.02492058]
[0.9988843]
[0.96509063]
[0.63664424]
[0.00843376]
[0.07725644]
[0.74152964]
[0.9657031]
[0.9826555]
[0.0055733]
[0.9981072]
[0.8691083]
[0.37323248]
[0.98116755]
[0.86647725]
[0.99633825]
[0.98554754]
[0.13193765]
[0.99903166]
[0.07782933]
[0.9922779]
[0.9983392]
[0.0193761]
[0.18790257]
[0.9430573]
[0.01545921]
[0.99757713]
[0.3600118]
[0.9951829]
[0.9954138]
[0.99836314]
[0.99529094]
[0.09878498]
[0.6786175]
[0.00854397]
[0.99716735]
[0.9866831]
[0.9965869]
[0.9970025]
[0.99701285]
[0.9936259]
[0.3403716]
[0.9329326]
[0.9883893]
[0.9467788]
[0.98879933]
[0.00295603]
[0.17803183]
[0.9990375]
[0.999178]
[0.99908996]
[0.9988979]
[0.99861616]
[0.9971153]
[0.9431939]
[0.9972835]
[0.99721575]
[0.9904338]
[0.12006831]
[0.99646366]
[0.99474835]
[0.1221908]
[0.9584247]
[0.99752396]
[0.99718857]
[0.16693178]
[0.991696]
[0.9572525]
[0.00904775]
[0.13850579]
[0.04409066]
[0.99271107]
[0.98546624]
[0.38578492]
[0.93945265]
[0.01988691]
[0.00252891]
[0.999249]
[0.14473173]
[0.9904727]
[0.97592294]
[0.689868]
[0.00413346]
[0.9987281]
[0.996997]
[0.95847225]
[0.99765116]
[0.99907476]
[0.9984817]
[0.9951316]
[0.02703598]
[0.9990798]
[0.9972696]
[0.9986373]
[0.99700224]
[0.59752834]
[0.99723387]
[0.4984663]
[0.9969529]
[0.9968673]
[0.99719846]
[0.994475]
[0.9984211]
[0.99254745]
[0.9974599]
[0.99022835]
[0.22738552]
[0.50948256]
[0.06441468]
[0.67311454]
[0.03792372]
[0.9975536]
[0.15695798]
[0.20477486]
[0.9944737]
[0.99767697]
[0.99925727]
[0.99567866]
[0.05275315]
[0.99570554]
[0.9940096]
[0.9943866]
[0.9991702]
[0.9992598]
[0.9969764]
[0.99742264]
[0.9972513]
[0.9722853]
[0.9754441]
[0.9792873]
[0.9937024]
[0.887828]
[0.9989377]
[0.9679916]
[0.9982557]
[0.9981456]
[0.9993423]
[0.9975284]
[0.93144095]
[0.9938153]
[0.99936616]
[0.9973563]
[0.99720144]
[0.9977535]
[0.99823207]
[0.9956943]
[0.998662]
[0.6694195]
[0.99299896]
[0.01040494]
[0.9992149]
[0.08550891]
[0.9978788]
[0.76420224]
[0.09964114]
[0.997838]
[0.65187275]
[0.9944707]
[0.0010604]
[0.00610262]
[0.99079907]
[0.9965364]
[0.99945855]
[0.02264568]
[0.99640155]
[0.9925214]
[0.99554276]
[0.01759508]
[0.9972751]
[0.7767468]
[0.994504]
[0.9924487]
[0.99202925]
[0.9991845]
[0.99862146]
[0.9990493]
[0.02558234]
[0.9991785]
[0.06753421]
[0.9971587]
[0.690108]
[0.01163656]
[0.9988386]
[0.9938245]
[0.03758648]
[0.9920448]
[0.99926096]
[0.9971802]
[0.99692047]
[0.10110152]
[0.29358694]
[0.8819867]
[0.6615983]
[0.9978493]
[0.99739933]
[0.9278754]
[0.8304621]
[0.97386956]
[0.99626476]
[0.99820125]
[0.00830477]
[0.7479328]
[0.9979398]
[0.98382944]
[0.9655832]
[0.96883994]
[0.4924977]
[0.99387884]
[0.9145442]
[0.9895519]
[0.03012699]
[0.52617675]
[0.05250141]
[0.08622974]
[0.2680571]
[0.02019647]
[0.01131442]
[0.9853213]
[0.9815561]
[0.9985819]
[0.99885416]
[0.9990598]
[0.99913096]
[0.91306466]
[0.8012581]
[0.9971823]
[0.00578982]
[0.9972098]
[0.99698806]
[0.9939028]
[0.97596776]
[0.99900883]
[0.99307156]
[0.9936394]
[0.99145246]
[0.00257859]
[0.99627495]
[0.7214272]
[0.9983357]
[0.99500585]
[0.99474734]
[0.36861783]
[0.9934027]
[0.5779033]
[0.88180125]
[0.69590986]
[0.9765982]
[0.99765384]
[0.99482906]
[0.99588233]
[0.9885055]
[0.61260456]
[0.01747]
[0.93355167]
[0.9977726]
[0.99414504]
[0.99867886]
[0.9992242]
[0.99695647]
[0.9942342]
[0.00742292]
[0.9971657]
[0.9974632]
[0.989156]
[0.9991803]
[0.99925715]
[0.99923134]
[0.53101134]
[0.99876046]
[0.9972206]
[0.13842687]
[0.9777874]
[0.9847523]
[0.98572123]
[0.9908445]
[0.9961388]
[0.99115646]
[0.9537358]
[0.99490553]
[0.03271413]
[0.6511688]
[0.997993]
[0.9496473]
[0.41102344]
[0.4924977]
[0.99751395]
[0.23884544]
[0.9978817]
[0.9901358]
[0.98261774]
[0.9971056]
[0.9928484]
[0.6564853]
[0.99645203]
[0.9682056]
[0.9896687]
[0.99906915]
[0.99505687]
[0.9965731]
[0.9972043]
[0.9843359]
[0.8851887]
[0.9982082]
[0.86782855]
[0.9268557]
[0.98273706]
[0.6826109]
[0.99814785]
[0.99471736]
[0.9221186]
[0.8323585]
[0.9964664]
[0.9905969]
[0.95066464]
[0.98498166]
[0.9934958]
[0.99238354]
[0.95632875]
[0.68204767]
[0.9931117]
[0.99709153]
[0.99722564]
[0.9935397]
[0.9968688]
[0.99913657]
[0.99736273]
[0.9975891]
[0.99004805]
[0.27487314]
[0.9967064]
[0.88358057]
[0.99852526]
[0.6647468]
[0.97060585]
[0.0105015]
[0.99698937]
[0.9960886]
[0.99748623]
[0.08061752]
[0.9958018]
[0.94937426]
[0.89985704]
[0.9743134]
[0.9925745]
[0.9992155]
[0.92525136]
[0.99706686]
[0.78656185]
[0.9733298]
[0.98655146]
[0.99843967]
[0.63429224]
[0.8422711]
[0.9838791]
[0.9991578]
[0.00177482]
[0.99870336]
[0.14122313]
[0.9929905]
[0.9898239]
[0.99000883]
[0.9961263]
[0.98826635]
[0.999594]
[0.9692521]
[0.9991863]
[0.9958489]
[0.00417644]
[0.99700975]
[0.99742997]
[0.99688745]
[0.9963863]
[0.991891]
[0.3551605]
[0.97122794]
[0.9989425]
[0.997857]
[0.99476326]
[0.9971076]
[0.00971806]
[0.05005872]
[0.9989198]
[0.99589336]
[0.80443084]
[0.9993683]
[0.9953115]
[0.99497765]
[0.01028159]
[0.9273052]
[0.99774253]
[0.9938247]
[0.9728026]
[0.9813718]
[0.9987307]
[0.95066464]
[0.9940884]
[0.03471997]
[0.9995216]
[0.99762696]
[0.9962643]
[0.99747133]
[0.9962632]
[0.9985347]
[0.99766076]
[0.9971899]
[0.99714077]
[0.9992514]
[0.99766695]
[0.9878316]
[0.9982271]
[0.99555635]
[0.99897397]
[0.00541204]
[0.7669878]
[0.9634088]
[0.8709462]
[0.99853605]
[0.99176466]
[0.88057023]
[0.98023045]
[0.00999901]
[0.99760556]
[0.39438948]
[0.9941788]
[0.99520874]
[0.98525995]
[0.9854673]
[0.9876743]
[0.86709905]
[0.8675558]
[0.99716926]
[0.99742985]
[0.05528665]
[0.999143]
[0.01144227]
[0.9990102]
[0.99847007]
[0.99734294]
[0.974519]
[0.9974181]
[0.99660945]
[0.05758882]
[0.00965285]
[0.6285917]
[0.60872316]
[0.9688648]
[0.9894296]
[0.08351693]
[0.56703043]
[0.9994339]
[0.40668145]
[0.9945315]
[0.9966017]
[0.9980045]
[0.9990972]
[0.92599297]
[0.9967382]
[0.9977232]
[0.99722594]
[0.9981718]
[0.99545527]
[0.99284005]
[0.9931638]
[0.9954643]
[0.9973831]
[0.9798244]
[0.9986109]
[0.92181414]
[0.7461326]
[0.99890673]
[0.7826239]
[0.32699877]
[0.99671334]
[0.99562883]
[0.05405989]
[0.99873465]
[0.99127984]
[0.00798455]
[0.9911759]
[0.9868648]
[0.9980025]
[0.99907047]
[0.9912697]
[0.99906904]
[0.98728454]
[0.00188047]
[0.69745016]
[0.00881627]
[0.99707675]
[0.99914324]
[0.9982862]
[0.99719787]
[0.8008779]
[0.9985974]
[0.9931947]
[0.72864175]
[0.995687]
[0.99716616]
[0.04319471]
[0.00460956]
[0.0062581]
[0.05519307]
[0.99825066]
[0.94709754]
[0.99914753]
[0.48368353]
[0.9983102]
[0.9971552]
[0.11028564]
[0.9972606]
[0.9671875]
[0.96966]
[0.9904109]
[0.02364659]
[0.9950066]
[0.4621089]
[0.997179]
[0.95226276]
[0.9987263]
[0.8222865]
[0.66749454]
[0.75876623]
[0.97457266]
[0.9982506]
[0.01652318]
[0.9975107]
[0.99910104]
[0.00470352]
[0.9987723]
[0.9992393]
[0.99892396]
[0.99922734]
[0.9924108]
[0.95671153]
[0.99902636]
[0.9950153]
[0.9971679]
[0.9971383]
[0.9991362]
[0.9975871]
[0.8162631]
[0.99899006]
[0.9952313]
[0.99052465]
[0.064399]
[0.19130385]
[0.99556196]
[0.01632139]
[0.99101526]
[0.9256583]
[0.9892907]
[0.9460407]
[0.07042468]
[0.9959652]
[0.9463674]
[0.9972465]
[0.9955225]
[0.9962388]
[0.03846842]
[0.09733501]
[0.9645052]
[0.97634155]
[0.01407814]
[0.9993008]
[0.99764085]
[0.07036993]
[0.9990473]
[0.998449]
[0.9989222]
[0.99716675]
[0.99722016]
[0.99706924]
[0.98691803]
[0.99708855]
[0.99869007]
[0.99915636]
[0.9991126]
[0.99867105]
[0.01120129]
[0.9973074]
[0.9978258]
[0.99725974]
[0.9935281]
[0.00196275]
[0.9931315]
[0.993337]
[0.4048153]
[0.00279409]
[0.995361]
[0.04614004]
[0.9943062]
[0.9917426]
[0.9983288]
[0.9493954]
[0.9736973]
[0.98600614]
[0.9973137]
[0.9992578]
[0.9971398]
[0.996631]
[0.99348104]
[0.9972173]
[0.99814713]
[0.999148]
[0.97132283]
[0.00389928]
[0.9923409]
[0.00492957]
[0.99921703]
[0.9871285]
[0.996906]
[0.99748325]
[0.9971416]
[0.9989738]
[0.99465597]
[0.00273651]
[0.996915]
[0.85431004]
[0.9957672]
[0.00106144]
[0.96032655]
[0.9984859]
[0.9967147]
[0.9952811]
[0.30467603]
[0.9034384]
[0.9867978]
[0.9983065]
[0.9972139]
[0.06999713]
[0.97980213]
[0.9991523]
[0.9992035]
[0.99926114]
[0.9957918]
[0.9966007]
[0.00538251]
[0.9973879]
[0.9968815]
[0.9969268]
[0.862617]
[0.9084096]
[0.98668087]
[0.99458385]
[0.9975352]
[0.00395498]
[0.9992581]
[0.83964723]
[0.02755162]
[0.96654296]
[0.9928291]
[0.9895066]
[0.9892688]
[0.99784493]
[0.99903154]
[0.7291963]
[0.90903395]
[0.99843276]
[0.9978726]
[0.9991293]
[0.9992388]
[0.9973837]
[0.99774903]
[0.08779746]
[0.99197316]
[0.9936851]
[0.9960525]
[0.9971539]
[0.80692375]
[0.02115938]
[0.00475067]
[0.996863]
[0.99258435]
[0.99436367]
[0.99679077]
[0.99309456]
[0.9919157]
[0.98057914]
[0.9985199]
[0.6551317]
[0.07669508]
[0.34145376]
[0.00892907]
[0.66824275]
[0.9962709]
[0.9965545]
[0.9744622]
[0.93566334]
[0.4196958]
[0.00418666]
[0.98606074]
[0.9962361]
[0.9991503]
[0.99649644]
[0.9947028]
[0.9983673]
[0.9991983]
[0.99869525]
[0.00439087]
[0.9991873]
[0.9973579]
[0.9619696]
[0.99773675]
[0.9958149]
[0.00141594]
[0.9798887]
[0.92521316]
[0.99539745]
[0.97669697]
[0.99550796]
[0.9937996]
[0.99597543]
[0.9961531]
[0.9988376]
[0.9818585]
[0.90678954]
[0.99918276]
[0.02690879]
[0.4660996]
[0.94310844]
[0.10246101]
[0.5233071]
[0.99916065]
[0.9894638]
[0.9974129]
[0.99925166]
[0.01712629]
[0.9992702]
[0.9954715]
[0.9466225]
[0.9991796]
[0.52504945]
[0.99710464]
[0.8148004]
[0.5816823]
[0.93356466]
[0.997317]
[0.9934172]
[0.99852884]
[0.9556377]
[0.62478155]
[0.86666816]
[0.3750746]
[0.99432147]
[0.99064016]
[0.17589772]
[0.97484684]
[0.6243333]
[0.00503418]
[0.02466589]
[0.00167185]
[0.9983481]
[0.99904054]
[0.90944016]
[0.89984536]
[0.42006582]
[0.6450942]
[0.9912199]
[0.97826445]
[0.8595768]
[0.51072806]
[0.52551156]
[0.91705674]
[0.99666727]
[0.9852053]
[0.99037147]
[0.9992107]
[0.9966623]
[0.99917257]
[0.99596405]
[0.99409175]
[0.9896014]
[0.99922156]
[0.9991127]
[0.02128041]
[0.9917377]
[0.9974666]
[0.98989946]
[0.8573593]
[0.9985067]
[0.99916756]
[0.98530984]
[0.8492111]
[0.98562115]
[0.34441537]
[0.99837184]
[0.9965885]
[0.8953452]
[0.97982335]
[0.9951534]
[0.9989652]
[0.9992633]
[0.9931655]
[0.9965081]
[0.99698436]
[0.7820608]
[0.99716824]
[0.95279634]
[0.9971671]
[0.7698313]
[0.9990767]
[0.9965336]
[0.98785746]
[0.99898136]
[0.28058115]
[0.9984841]
[0.98958355]
[0.99782324]
[0.933498]
[0.9904944]
[0.9933498]
[0.9949572]
[0.00840926]
[0.97353363]
[0.00673914]
[0.86714375]
[0.9947355]
[0.980984]
[0.9746053]
[0.9915166]
[0.9992533]
[0.15116552]
[0.999101]
[0.9990934]
[0.9963831]
[0.9990052]
[0.998984]
[0.9767178]
[0.9972505]
[0.99895835]
[0.99912316]
[0.998845]
[0.99707526]
[0.9789817]
[0.8315165]
[0.31488186]
[0.9975668]
[0.9746598]
[0.9886967]
[0.9973822]
[0.99658376]
[0.9595922]
[0.9992641]
[0.9991114]
[0.9919671]
[0.99926627]
[0.2651811]
[0.9992645]
[0.99923795]
[0.9988197]
[0.9989635]
[0.9992621]
[0.99722767]
[0.9971549]
[0.9978541]
[0.99912924]
[0.99904]
[0.9971838]
[0.9974749]
[0.9971807]
[0.99707246]
[0.9971621]
[0.9976794]
[0.9968316]
[0.9706791]
[0.9435498]
[0.9882853]
[0.08413145]
[0.9814118]
[0.99080336]
[0.99926555]
[0.9955203]
[0.99727166]
[0.9945583]
[0.9709029]
[0.08182296]
[0.99921453]
[0.9977597]
[0.98751664]
[0.9936745]
[0.9964969]
[0.98428166]
[0.9988899]
[0.99955785]
[0.9798178]
[0.97014886]
[0.99868643]
[0.6431556]
[0.98823667]
[0.99506044]
[0.99704516]
[0.99881744]
[0.9928322]
[0.99711937]
[0.01381198]
[0.9974153]
[0.01083413]
[0.99919796]
[0.9976293]
[0.9970047]
[0.8581167]
[0.9968592]
[0.99810207]
[0.9965426]
[0.9973331]
[0.99809843]
[0.9515647]
[0.9815049]
[0.15488496]
[0.04451898]
[0.99756086]
[0.99613774]
[0.9969797]
[0.9821094]
[0.9726056]
[0.4345985]
[0.01095498]
[0.01745799]
[0.98781055]
[0.9992771]
[0.9972126]
[0.1188609]
[0.99887925]
[0.9964545]
[0.9972498]
[0.9976657]
[0.99724513]
[0.99916387]
[0.99694633]
[0.00602889]
[0.3151543]
[0.810004]
[0.9968817]
[0.9837072]
[0.9682942]
[0.9949385]
[0.99716175]
[0.99654055]
[0.99699247]
[0.9971273]
[0.99685085]
[0.9905101]
[0.46777397]
[0.99720657]
[0.03526422]
[0.09994909]
[0.9024719]
[0.923692]
[0.551736]
[0.17416203]
[0.99230766]
[0.99901867]
[0.9971851]
[0.9957706]
[0.97438735]
[0.9967924]
[0.99922055]
[0.99853843]
[0.99917257]
[0.9991586]
[0.9971515]
[0.9971531]
[0.988379]
[0.9991809]
[0.999037]
[0.99725986]
[0.99715245]
[0.99724245]
[0.9852163]
[0.99918455]
[0.99714875]
[0.9972186]
[0.9963652]
[0.99329954]
[0.04721883]
[0.9896035]
[0.6572113]
[0.56530106]
[0.10896033]
[0.9952824]
[0.98108125]
[0.9985499]
[0.9966049]
[0.93530846]
[0.997141]
[0.47279462]
[0.99718904]
[0.99885726]
[0.996307]
[0.99690855]
[0.9286127]
[0.94896376]
[0.99939394]
[0.9991994]
[0.99682623]
[0.9991422]
[0.99865955]
[0.99334455]
[0.9791964]
[0.66996264]
[0.95287836]
[0.99933517]
[0.9967317]
[0.03485179]
[0.7488112]
[0.9983046]
[0.99803865]
[0.4491527]
[0.99076426]
[0.99476224]
[0.99912375]
[0.99756885]
[0.98883784]
[0.99550325]
[0.9978181]
[0.9991687]
[0.99729306]
[0.05023035]
[0.99856305]
[0.9929937]
[0.92766607]
[0.96741223]
[0.99375105]
[0.9992396]
[0.9971901]
[0.996743]
[0.71651334]
[0.9782264]
[0.98872846]
[0.01737848]
[0.9877929]
[0.99846673]
[0.12713978]
[0.98668456]
[0.99537313]
[0.95588934]
[0.24464157]
[0.99163365]
[0.03459519]
[0.9901092]
[0.8844799]
[0.9990231]
[0.99854887]
[0.9972233]
[0.9856075]
[0.9932765]
[0.9972693]
[0.9991856]
[0.9971379]
[0.99174064]
[0.878518]
[0.9735607]
[0.9992394]
[0.99914914]
[0.00549144]
[0.99723446]
[0.917358]
[0.60472995]
[0.9947188]
[0.98827016]
[0.9911832]
[0.997741]
[0.9979801]
[0.9878066]
[0.99841976]
[0.40719125]
[0.38926563]
[0.99919003]
[0.9991238]
[0.9990988]
[0.99909407]
[0.00532091]
[0.99700844]
[0.9973505]
[0.997162]
[0.9397851]
[0.08553666]
[0.02706915]
[0.9988487]
[0.99403167]
[0.997523]
[0.986413]
[0.99221677]
[0.998454]
[0.9388069]
[0.75253403]
[0.96333474]
[0.99913603]
[0.9961806]
[0.99915564]
[0.99723]
[0.9970846]
[0.9966061]
[0.02630877]
[0.9972175]
[0.9971037]
[0.9989767]
[0.9313668]
[0.99854755]
[0.91940534]
[0.03250575]
[0.9990907]
[0.9979789]
[0.72185844]
[0.9905968]
[0.99649173]
[0.9519553]
[0.97459877]
[0.9987822]
[0.23201644]
[0.23201644]
[0.21772498]
[0.99126184]
[0.9740419]
[0.9977968]
[0.9990938]
[0.5879875]
[0.99534476]
[0.9973625]
[0.26516572]
[0.9970324]
[0.07750961]
[0.03280407]
[0.9990437]
[0.9974357]
[0.99853253]
[0.9966355]
[0.99549305]
[0.01965275]
[0.9808743]
[0.00430635]
[0.99920404]
[0.9965389]
[0.9907196]
[0.9952806]
[0.99839664]
[0.9924853]
[0.9992002]
[0.00656235]
[0.9803307]
[0.48985457]
[0.9991853]
[0.9975249]
[0.00531521]
[0.0761452]
[0.9973463]
[0.557706]
[0.31029832]
[0.9954574]
[0.9816977]
[0.01707509]
[0.99130446]
[0.26123005]
[0.9835155]
[0.96337354]
[0.9907898]
[0.00275952]
[0.9852376]
[0.98335516]
[0.9854399]
[0.9807849]
[0.9540459]
[0.9599273]
[0.00135812]
[0.983232]
[0.9130355]
[0.98371434]
[0.9548307]
[0.9947204]
[0.99926203]
[0.9971831]
[0.99904656]
[0.9972092]
[0.97722876]
[0.9970422]
[0.9972192]
[0.99715626]
[0.9971014]
[0.99853253]
[0.9990207]
[0.99922633]
[0.99924016]
[0.99926054]
[0.99684787]
[0.9955773]
[0.9974792]
[0.14394635]
[0.9972084]
[0.9877571]
[0.99925905]
[0.9855455]
[0.99844897]
[0.9608146]
[0.09620604]
[0.9876744]
[0.03255337]
[0.998536]
[0.9947135]
[0.99917686]
[0.99714434]
[0.99238026]
[0.98482627]
[0.99728197]
[0.05335203]
[0.99783206]
[0.99922633]
[0.98912]
[0.9857148]
[0.9984244]
[0.00356528]
[0.9630251]
[0.99897575]
[0.95657146]
[0.9960123]
[0.00687176]
[0.96551156]
[0.9984034]
[0.99634176]
[0.9979301]
[0.99923956]
[0.95840144]
[0.9988129]
[0.997392]
[0.996595]
[0.9971943]
[0.99621445]
[0.99776906]
[0.99684536]
[0.9967642]
[0.01002339]
[0.99920166]
[0.9823067]
[0.9975531]
[0.99911284]
[0.99894446]
[0.94514453]
[0.00231397]
[0.9963697]
[0.99886906]
[0.76137525]
[0.09049225]
[0.784369]
[0.9986731]
[0.9958935]
[0.6656777]
[0.9939786]
[0.99905264]
[0.99916106]
[0.9973705]
[0.99920577]
[0.9952746]
[0.9972167]
[0.9971884]
[0.98925817]
[0.9979744]
[0.99033153]
[0.9992254]
[0.9972335]
[0.99712634]
[0.98928106]
[0.80766904]
[0.9871409]
[0.9895465]
[0.98971283]
[0.9965856]
[0.9954625]
[0.00405529]
[0.997188]
[0.9912184]
[0.00839898]
[0.99730676]
[0.99718803]
[0.99174476]
[0.9970863]
[0.0040296]
[0.99698126]
[0.00640666]
[0.9970213]
[0.9961145]
[0.9915495]
[0.9968947]
[0.9988343]
[0.9644463]
[0.72465336]
[0.99506134]
[0.36005563]
[0.99923325]
[0.99874437]
[0.9930862]
[0.996548]
[0.99326384]
[0.9990351]
[0.9910112]
[0.0037213]
[0.99861634]
[0.99088115]
[0.0676229]
[0.9802928]
[0.00416452]
[0.61131454]
[0.99734676]
[0.6992698]
[0.99668527]
[0.99835503]
[0.11496833]
[0.9992509]
[0.9736452]
[0.9979459]
[0.95139897]
[0.99756235]
[0.999254]
[0.9990893]
[0.997224]
[0.9992607]
[0.99717116]
[0.9971565]
[0.99685764]
[0.99326503]
[0.99728733]
[0.9238415]
[0.9972426]
[0.97943604]
[0.98961484]
[0.9962091]
[0.978959]
[0.02201039]
[0.99693185]
[0.99828386]
[0.8414104]
[0.99720395]
[0.9991505]
[0.01123595]
[0.9992338]
[0.99918056]
[0.02047023]
[0.9972104]
[0.99451184]
[0.9992685]
[0.9971829]
[0.00923425]
[0.9985715]
[0.9971725]
[0.9977933]
[0.99909824]
[0.99395585]
[0.96836233]
[0.9992081]
[0.99919486]
[0.5146371]
[0.00852755]
[0.99749315]
[0.99603903]
[0.9972802]
[0.9971949]
[0.99099845]
[0.9703578]
[0.06896928]
[0.99875593]
[0.99376476]
[0.9914305]
[0.9827173]
[0.9988921]
[0.00841212]
[0.9992591]
[0.99630916]
[0.9971523]
[0.9990181]
[0.99783206]
[0.99679506]
[0.99707496]
[0.9971905]
[0.98570144]
[0.970042]
[0.9978983]
[0.9986881]
[0.99919975]
[0.9973111]
[0.99782574]
[0.99914026]
[0.00997046]
[0.998135]
[0.99916506]
[0.9974265]
[0.32292107]
[0.9965036]
[0.99114877]
[0.998135]
[0.9963733]
[0.99777967]
[0.99912214]
[0.99715436]
[0.9966706]
[0.6543304]
[0.99712694]
[0.971213]
[0.9993762]
[0.99916077]
[0.01391792]
[0.9992335]
[0.9966564]
[0.99270415]
[0.95774764]
[0.86546445]
[0.96312034]
[0.995664]
[0.99919736]
[0.9971472]
[0.99554574]
[0.98323286]
[0.99708664]
[0.013634]
[0.9969465]
[0.9967319]
[0.9932253]
[0.84822243]
[0.04352745]
[0.99699724]
[0.999135]
[0.9992275]
[0.9875611]
[0.99849]
[0.9971901]
[0.9979451]
[0.99720573]
[0.9958211]
[0.9902763]
[0.9976673]
[0.9969332]
[0.9969984]
[0.9919628]
[0.99919254]
[0.04099548]
[0.9784337]
[0.9864198]
[0.9981332]
[0.80810344]
[0.02882963]
[0.99903435]
[0.991714]
[0.99619263]
[0.9992458]
[0.99906737]
[0.99721634]
[0.9952203]
[0.99900746]
[0.9971701]
[0.9972507]
[0.99716073]
[0.9992484]
[0.9979414]
[0.98164463]
[0.9758023]
[0.04489934]
[0.99918926]
[0.16911638]
[0.9960046]
[0.998922]
[0.99897707]
[0.9975449]
[0.02195987]
[0.99839866]
[0.9972502]
[0.9971427]
[0.051743]
[0.99630284]
[0.9505893]
[0.9986738]
[0.90855706]
[0.13027051]
[0.97966486]
[0.01044318]
[0.05796957]
[0.9941433]
[0.99284184]
[0.99770606]
[0.9989049]
[0.09607124]
[0.99758846]
[0.98792493]
[0.9973928]
[0.9972334]
[0.996817]
[0.997262]
[0.99916804]
[0.9992444]
[0.9892648]
[0.98239696]
[0.97966486]
[0.9012382]
[0.5806601]
[0.9580468]
[0.97232556]
[0.9972596]
[0.9971979]
[0.9964194]
[0.99920607]
[0.996937]
[0.99704087]
[0.99377406]
[0.9760853]
[0.99922705]
[0.01562268]
[0.9991493]
[0.9991572]
[0.99135756]
[0.9975904]
[0.01247913]
[0.96791947]
[0.99916476]
[0.00903246]
[0.99891686]
[0.05653882]
[0.9979869]
[0.66214514]
[0.998751]
[0.9837408]
[0.99885756]
[0.00932908]
[0.9971318]
[0.9988962]
[0.9965035]
[0.99190927]
[0.8926362]
[0.11786705]
[0.99679416]
[0.998227]
[0.00385803]
[0.51524127]
[0.76337373]
[0.9942263]
[0.9990223]
[0.00619164]
[0.9399992]
[0.785903]
[0.9778334]
[0.99635863]
[0.9005861]
[0.9977109]
[0.9345015]
[0.99922526]
[0.99909544]
[0.9992492]
[0.9237789]
[0.99920917]
[0.9973147]
[0.9860566]
[0.99715096]
[0.27101353]
[0.97427356]
[0.9730597]
[0.9979118]
[0.99758315]
[0.9695922]
[0.9975588]
[0.996524]
[0.98663616]
[0.1983684]
[0.99908924]
[0.82711273]
[0.49407518]
[0.78345907]
[0.9991619]
[0.9991667]
[0.9971512]
[0.996954]
[0.01466438]
[0.99903435]
[0.9992114]
[0.9991526]
[0.94756156]
[0.99934936]
[0.99704695]
[0.99544233]
[0.988533]
[0.02038053]
[0.7110437]
[0.9955939]
[0.98474747]
[0.99914056]
[0.99655086]
[0.99884677]
[0.9992591]
[0.99743474]
[0.9992626]
[0.9973333]
[0.99808943]
[0.99700534]
[0.99622834]
[0.9948524]
[0.01626247]
[0.99314773]
[0.22859237]
[0.99310994]
[0.99653983]
[0.99486756]
[0.83257145]
[0.79206276]
[0.05691391]
[0.99712515]
[0.99586964]
[0.99741757]
[0.99724174]
[0.04169941]
[0.9971578]
[0.99706686]
[0.01015103]
[0.9004905]
[0.99713135]
[0.01222047]
[0.05203807]
[0.9990695]
[0.99749124]
[0.08602718]
[0.86857224]
[0.99901116]
[0.9971828]
[0.9751698]
[0.19645783]
[0.80931556]
[0.99323887]
[0.99817467]
[0.99459994]
[0.99461746]
[0.9979559]
[0.00801316]
[0.01395178]
[0.9923147]
[0.9970926]
[0.991124]
[0.9486726]
[0.01298183]
[0.9840723]
[0.02953523]
[0.9980675]
[0.9990307]
[0.17263675]
[0.99925023]
[0.9991329]
[0.9971466]
[0.01758093]
[0.9972273]
[0.04411736]
[0.96826845]
[0.9979845]
[0.9992203]
[0.9552019]
[0.9970099]
[0.0204224]
[0.9890579]
[0.80409074]
[0.99913746]
[0.9972367]
[0.9978857]
[0.9854325]
[0.9963516]
[0.99351346]
[0.9375545]
[0.99910104]
[0.9991191]
[0.99915874]
[0.99720055]
[0.99869406]
[0.99889684]
[0.9411007]
[0.99845445]
[0.6703426]
[0.9711156]
[0.9749018]
[0.9525119]
[0.9770505]
[0.99906385]
[0.97695243]
[0.96546924]
[0.6460187]
[0.9971736]
[0.99922514]
[0.9779328]
[0.98825085]
[0.9971622]
[0.9981049]
[0.9971559]
[0.9972938]
[0.7503097]
[0.9887403]
[0.95243]
[0.99922115]
[0.9970025]
[0.00642544]
[0.02915439]
[0.97700477]
[0.9951359]
[0.9960559]
[0.9921759]
[0.22017878]
[0.9762089]
[0.00133532]
[0.00295201]
[0.9974235]
[0.9174285]
[0.87369573]
[0.99482214]
[0.38260466]
[0.99908066]
[0.3408279]
[0.89644426]
[0.98315334]
[0.99925953]
[0.9988104]
[0.9982392]
[0.9971531]
[0.99720037]
[0.9971415]
[0.9989376]
[0.99717665]
[0.9951452]
[0.9976909]
[0.00959495]
[0.5330175]
[0.5609303]
[0.32093126]
[0.9989575]
[0.7141915]
[0.996717]
[0.00561842]
[0.9978648]
[0.9966079]
[0.9984277]
[0.9397037]
[0.99757856]
[0.95995593]
[0.96411645]
[0.99520487]
[0.9975407]
[0.66756517]
[0.9971478]
[0.9992045]
[0.9973069]
[0.99910384]
[0.9973174]
[0.00545046]
[0.988155]
[0.00618842]
[0.01370749]
[0.99261725]
[0.9971502]
[0.9961901]
[0.99688274]
[0.01463667]
[0.9271078]
[0.9812658]
[0.7548006]
[0.9906732]
[0.01182306]
[0.9992659]
[0.99745476]
[0.28413597]
[0.9197462]
[0.99720705]
[0.99071723]
[0.99902785]
[0.9991995]
[0.9990114]
[0.9942319]
[0.99584246]
[0.9970405]
[0.9884416]
[0.9981996]
[0.99804443]
[0.8328004]
[0.99861443]
[0.04422393]
[0.9257468]
[0.9992044]
[0.9964763]
[0.99898833]
[0.9971622]
[0.9964775]
[0.99924827]
[0.6222463]
[0.8994797]
[0.9971418]
[0.08113942]
[0.99644816]
[0.01039535]
[0.00215772]
[0.9938018]
[0.5419673]
[0.99406624]
[0.9992608]
[0.9963988]
[0.245819]
[0.99903667]
[0.99918747]
[0.9960626]
[0.99710643]
[0.98179007]
[0.37274173]
[0.9984577]
[0.9748409]
[0.00722262]
[0.00060844]
[0.99466693]
[0.99213135]
[0.8382648]
[0.99295044]
[0.9678486]
[0.9986061]
[0.9992578]
[0.99901587]
[0.9989895]
[0.99790204]
[0.99765676]
[0.9969965]
[0.97629154]
[0.998633]
[0.35998708]
[0.9971671]
[0.9542941]
[0.998988]
[0.9992274]
[0.9991746]
[0.03957084]
[0.99663633]
[0.9973997]
[0.9971881]
[0.9991816]
[0.9857271]
[0.9142921]
[0.78341913]
[0.9921632]
[0.99849194]
[0.9971671]
[0.9972048]
[0.9978649]
[0.01673406]
[0.99747515]
[0.4734924]
[0.88115007]
[0.9971747]
[0.99752057]
[0.99431074]
[0.99658734]
[0.99728394]
[0.8496694]
[0.29843533]
[0.99719703]
[0.99926496]
[0.04887611]
[0.89185184]
[0.9972427]
[0.9972619]
[0.9781784]
[0.9694179]
[0.99488777]
[0.99926555]
[0.9983699]
[0.9242325]
[0.9973563]
[0.99917173]
[0.9992441]
[0.99572694]
[0.9955712]
[0.99697286]
[0.9970424]
[0.9642679]
[0.01722977]
[0.98976696]
[0.9977364]
[0.99917495]
[0.9992371]
[0.9976274]
[0.99917895]
[0.99716794]
[0.99732125]
[0.99715805]
[0.00541431]
[0.9992422]
[0.9988793]
[0.9737122]
[0.95754445]
[0.98598754]
[0.9960519]
[0.9988711]
[0.999231]
[0.862934]
[0.99921227]
[0.9972397]
[0.99915844]
[0.998363]
[0.9963553]
[0.38614786]
[0.9234936]
[0.9989575]
[0.00447005]
[0.9973628]
[0.11264041]
[0.9975312]
[0.9992548]
[0.99527866]
[0.9971611]
[0.9977974]
[0.8844577]
[0.9989244]
[0.00788108]
[0.8474317]
[0.9975594]
[0.9991857]
[0.99507254]
[0.9954301]
[0.47559312]
[0.9918989]
[0.9379053]
[0.9991302]
[0.99645734]
[0.9902772]
[0.99883187]
[0.9972363]
[0.99901175]
[0.9986638]
[0.9971385]
[0.99713016]
[0.9972706]
[0.9965943]
[0.01254421]
[0.9840785]
[0.9973364]
[0.9896524]
[0.9953837]
[0.9971374]
[0.99634993]
[0.9968215]
[0.98516536]
[0.01272577]
[0.99887204]
[0.99922496]
[0.99861956]
[0.99735135]
[0.00692141]
[0.99659944]
[0.98626775]
[0.99694467]
[0.98759514]
[0.9948928]
[0.9884435]
[0.9954641]
[0.9902929]
[0.01679999]
[0.97528553]
[0.8127867]
[0.98987573]
[0.93778574]
[0.9992115]
[0.9626241]
[0.99650455]
[0.9990132]
[0.9989728]
[0.98768795]
[0.99738204]
[0.06473073]
[0.9650084]
[0.99922246]
[0.9968766]
[0.00862372]
[0.00862658]
[0.9961951]
[0.96307373]
[0.99820805]
[0.9990954]
[0.05619752]
[0.99918294]
[0.99728954]
[0.9971361]
[0.99700356]
[0.9992267]
[0.9920792]
[0.996536]
[0.95639014]
[0.42617944]
[0.9959048]
[0.9416475]
[0.00404254]
[0.9974279]
[0.9978677]
[0.9977613]
[0.9258908]
[0.69256127]
[0.75487846]
[0.9972371]
[0.99736935]
[0.10820505]
[0.9971467]
[0.9975016]
[0.95855665]
[0.99826646]
[0.9508033]
[0.01392707]
[0.999]
[0.99723345]
[0.9973613]
[0.99738324]
[0.99540675]
[0.9946765]
[0.9962099]
[0.998314]
[0.00917685]
[0.9980855]
[0.9964156]
[0.07530421]
[0.9810695]
[0.9963099]
[0.99720424]
[0.99886113]
[0.9936341]
[0.01188207]
[0.9964944]
[0.9982418]
[0.9976701]
[0.95750487]
[0.9970635]
[0.9769542]
[0.63371605]
[0.9992618]
[0.9986979]
[0.9991747]
[0.9984349]
[0.01792368]
[0.999238]
[0.00534588]
[0.02634737]
[0.9982074]
[0.9782121]
[0.9954581]
[0.9990451]
[0.99791974]
[0.99904525]
[0.99714905]
[0.9986799]
[0.99718136]
[0.01525748]
[0.00676551]
[0.99724066]
[0.9970503]
[0.99733317]
[0.9967201]
[0.92633367]
[0.99716556]
[0.99587345]
[0.9554678]
[0.9917978]
[0.0706628]
[0.7621957]
[0.99908614]
[0.99919385]
[0.997172]
[0.99918723]
[0.9886562]
[0.9990079]
[0.9972733]
[0.95368826]
[0.8334532]
[0.9938543]
[0.9962568]
[0.99904263]
[0.99873173]
[0.9990967]
[0.99722856]
[0.00406337]
[0.9970717]
[0.00519225]
[0.99696416]
[0.99732935]
[0.99534297]
[0.99730027]
[0.99130595]
[0.01430824]
[0.9881479]
[0.9971085]
[0.9992248]
[0.9972508]
[0.00703353]
[0.9971944]
[0.99925923]
[0.99901116]
[0.9896592]
[0.9888557]
[0.991105]
[0.998739]
[0.9933212]
[0.99410045]
[0.9990864]
[0.9232573]
[0.9971423]
[0.9992149]
[0.99691665]
[0.99761593]
[0.99637365]
[0.01019821]
[0.9987229]
[0.07349113]
[0.99581623]
[0.13946122]
[0.999321]
[0.00128469]
[0.9991885]
[0.9991838]
[0.88332]
[0.99692345]
[0.99926496]
[0.5613715]
[0.99884117]
[0.9959488]
[0.9942361]
[0.9991627]
[0.99491686]
[0.9965996]
[0.99300957]
[0.9942455]
[0.99704015]
[0.9969921]
[0.99728227]
[0.99919045]
[0.99720407]
[0.99762416]
[0.730031]
[0.71710205]
[0.9892776]
[0.99842966]
[0.9972068]
[0.52269334]
[0.9966607]
[0.99910367]
[0.99735296]
[0.00984871]
[0.00517803]
[0.997157]
[0.99783707]
[0.9994303]
[0.9967927]
[0.99649477]
[0.00377753]
[0.9990691]
[0.998968]
[0.997]
[0.9992089]
[0.999246]
[0.9979967]
[0.00451386]
[0.99648607]
[0.99717385]
[0.05763692]
[0.99894476]
[0.9840813]
[0.99655986]
[0.97607136]
[0.99925935]
[0.997195]
[0.99744725]
[0.9972764]
[0.99843824]
[0.7055719]
[0.99816847]
[0.9984243]
[0.9971813]
[0.99423766]
[0.9953071]
[0.9961449]
[0.9962025]
[0.9671453]
[0.99924195]
[0.99622345]
[0.9991908]
[0.9967135]
[0.99678516]
[0.51354975]
[0.99433804]
[0.9967807]
[0.9939196]
[0.99965703]
[0.0058319]
[0.99922144]
[0.99926305]
[0.9992479]
[0.99716145]
[0.9988155]
[0.99711037]
[0.02908176]
[0.04630655]
[0.99897635]
[0.99918425]
[0.9992662]
[0.00928995]
[0.25690654]
[0.99781007]
[0.99925804]
[0.24287522]
[0.9992441]
[0.97736627]
[0.9931213]
[0.996053]
[0.9975045]
[0.996293]
[0.99730164]
[0.9992692]
[0.9991416]
[0.97983253]
[0.45629126]
[0.43207774]
[0.9105085]
[0.99763477]
[0.99763477]
[0.9990938]
[0.8999815]
[0.99706066]
[0.99713004]
[0.0180544]
[0.5454161]
[0.9971783]
[0.3746624]
[0.73691916]
[0.835832]
[0.97114754]
[0.9969903]
[0.997224]
[0.13499516]
[0.700449]
[0.98048115]
[0.02035156]
[0.9992508]
[0.9992646]
[0.99923134]
[0.99861825]
[0.9972629]
[0.9971356]
[0.9990264]
[0.89306766]
[0.45582318]
[0.99774283]
[0.9992511]
[0.99666864]
[0.20015207]
[0.9991138]
[0.99926436]
[0.99697286]
[0.9966741]
[0.99146473]
[0.99638164]
[0.9870844]
[0.9885621]
[0.98819983]
[0.98371065]
[0.9972657]
[0.99914944]
[0.9978957]
[0.99925196]
[0.02063873]
[0.99677384]
[0.9659624]
[0.8307402]
[0.9992366]
[0.99743867]
[0.9991637]
[0.99681044]
[0.9970987]
[0.9192747]
[0.99924624]
[0.99687207]
[0.99771464]
[0.99918526]
[0.9965837]
[0.99721575]
[0.99158216]
[0.9978628]
[0.06995365]
[0.9802664]
[0.9988678]
[0.99713826]
[0.9931489]
[0.95877165]
[0.99657977]
[0.99715674]
[0.99037725]
[0.9959884]
[0.9968149]
[0.99721044]
[0.99920034]
[0.9971561]
[0.9970294]
[0.99887764]
[0.99381685]
[0.12481204]
[0.95022357]
[0.98386824]
[0.9992476]
[0.99183476]
[0.99922734]
[0.9990405]
[0.00039008]
[0.9990363]
[0.9992074]
[0.99926865]
[0.99910194]
[0.9971618]
[0.9992368]
[0.99716145]
[0.99678224]
[0.99742365]
[0.9960923]
[0.7247368]
[0.9978055]
[0.00516129]
[0.98692024]
[0.99347705]
[0.98245823]
[0.9976406]
[0.9777067]
[0.99898684]
[0.98908186]
[0.99729955]
[0.9971479]
[0.99663454]
[0.98739994]
[0.99917805]
[0.9992061]
[0.9961569]
[0.9714768]
[0.8597492]
[0.00940934]
[0.99842167]
[0.00375178]
[0.01791745]
[0.50124645]
[0.99715143]
[0.36118948]
[0.15295869]
[0.9990475]
[0.99727714]
[0.9971457]
[0.9971421]
[0.9972012]
[0.9828304]
[0.9988857]
[0.9979565]
[0.9971894]
[0.9932422]
[0.9971647]
[0.99701905]
[0.99919724]
[0.99914896]
[0.99889505]
[0.9971591]
[0.9873588]
[0.3070462]
[0.9207041]
[0.99715436]
[0.9992571]
[0.99852574]
[0.99702966]
[0.009307]
[0.997318]
[0.9971812]
[0.6942128]
[0.99432784]
[0.999056]
[0.99837065]
[0.9989327]
[0.99702644]
[0.9972086]
[0.9990479]
[0.00539789]
[0.9127765]
[0.99271107]
[0.9966098]
[0.96526647]
[0.9888793]
[0.99695945]
[0.99912477]
[0.99925095]
[0.99841905]
[0.9947691]
[0.00460511]
[0.9968047]
[0.9968027]
[0.9971]
[0.9996879]
[0.99364877]
[0.9877822]
[0.9968072]
[0.9992478]
[0.9990965]
[0.99923265]
[0.02451715]
[0.9926677]
[0.9990032]
[0.15598309]
[0.96171546]
[0.99895525]
[0.99535227]
[0.997064]
[0.9972207]
[0.9959185]
[0.35928875]
[0.9919323]
[0.9989729]
[0.9972162]
[0.99600637]
[0.99714315]
[0.97005343]
[0.9989195]
[0.9972081]
[0.9967481]
[0.946562]
[0.9972681]
[0.99920046]
[0.9991987]
[0.9972242]
[0.99709296]
[0.9972309]
[0.9975811]
[0.99708056]
[0.9990922]
[0.6800159]
[0.9930805]
[0.9981705]
[0.99926805]
[0.00217223]
[0.9991039]
[0.9991886]
[0.9991063]
[0.99731714]
[0.997392]
[0.9972862]
[0.9992239]
[0.8377247]
[0.00817528]
[0.01240453]
[0.9967029]
[0.9989513]
[0.00404057]
[0.9991775]
[0.674856]
[0.98594624]
[0.9972093]
[0.9976561]
[0.20158195]
[0.9794353]
[0.99435717]
[0.9911078]
[0.999187]
[0.99763256]
[0.99554193]
[0.99755085]
[0.997177]
[0.6606508]
[0.8894297]
[0.604309]
[0.45485014]
[0.9960743]
[0.6036837]
[0.9989066]
[0.99733734]
[0.9977064]
[0.999159]
[0.9990781]
[0.94652545]
[0.99646044]
[0.9970582]
[0.9443299]
[0.9992611]
[0.9989984]
[0.10945755]
[0.99885225]
[0.9988588]
[0.6618065]
[0.9898572]
[0.9970863]
[0.99828076]
[0.99776554]
[0.27344805]
[0.9983834]
[0.9972396]
[0.9993665]
[0.99903274]
[0.99798375]
[0.8975865]
[0.98793864]
[0.9978988]
[0.9992646]
[0.9971746]
[0.9940363]
[0.99696434]
[0.99724615]
[0.00477573]
[0.99648046]
[0.9647361]
[0.9990419]
[0.9967887]
[0.20806953]
[0.9992079]
[0.99473315]
[0.9992516]
[0.03171548]
[0.99901474]
[0.99422956]
[0.05765519]
[0.99739826]
[0.9947588]
[0.9885576]
[0.9985087]
[0.93178856]
[0.9967704]
[0.9991317]
[0.9232785]
[0.9957495]
[0.9888414]
[0.9660089]
[0.9940757]
[0.99914944]
[0.99926376]
[0.9990798]
[0.0162099]
[0.9969972]
[0.99745476]
[0.9938048]
[0.9960189]
[0.02566239]
[0.99725294]
[0.99816144]
[0.77889216]
[0.9976178]
[0.9939608]
[0.90554273]
[0.9970255]
[0.9990829]
[0.9958364]
[0.9971789]
[0.99849164]
[0.9625534]
[0.99903196]
[0.9880053]
[0.9970841]
[0.99716294]
[0.996758]
[0.9971115]
[0.9969729]
[0.9885787]
[0.79063725]
[0.8558723]
[0.8642237]
[0.9975323]
[0.9902461]
[0.994462]
[0.995347]
[0.99712586]
[0.40892467]
[0.37810645]
[0.9992316]
[0.99703634]
[0.99832183]
[0.99837464]
[0.9867375]
[0.97657037]
[0.01812917]
[0.9909649]
[0.9989984]
[0.9980527]
[0.99722594]
[0.9971876]
[0.5255762]
[0.99460185]
[0.9518318]
[0.9960363]
[0.9966985]
[0.91355085]
[0.99742067]
[0.96106946]
[0.9989668]
[0.9126807]
[0.5138011]
[0.99900407]
[0.01998177]
[0.9972261]
[0.99707043]
[0.9982779]
[0.00481075]
[0.99604]
[0.99883854]
[0.02946487]
[0.9975815]
[0.9984828]
[0.9992679]
[0.99716294]
[0.99603736]
[0.9976108]
[0.9971665]
[0.882535]
[0.99919736]
[0.618583]
[0.9333928]
[0.04972747]
[0.9964782]
[0.99604]
[0.9851235]
[0.9843333]
[0.4589856]
[0.9946543]
[0.99849653]
[0.8101037]
[0.99712384]
[0.97794026]
[0.9913524]
[0.989776]
[0.99791056]
[0.01199415]
[0.99857926]
[0.9407734]
[0.9678456]
[0.4342717]
[0.04616335]
[0.01151246]
[0.9973234]
[0.97722447]
[0.9965224]
[0.98196054]
[0.9968847]
[0.99897045]
[0.00164667]
[0.9942467]
[0.17158043]
[0.9992025]
[0.9592842]
[0.95907474]
[0.02708265]
[0.91343635]
[0.9985845]
[0.72207737]
[0.9233562]
[0.9932411]
[0.98235536]
[0.99715686]
[0.9970852]
[0.40101886]
[0.9965224]
[0.99718964]
[0.99913746]
[0.9971479]
[0.7963457]
[0.9795499]
[0.9702431]
[0.99915516]
[0.95907474]
[0.999251]
[0.99892974]
[0.9971863]
[0.9681212]
[0.97309124]
[0.9877293]
[0.9672722]
[0.9895483]
[0.98235536]
[0.00624806]
[0.99508196]
[0.9988792]
[0.99895847]
[0.9971346]
[0.99770725]
[0.9973581]
[0.99812436]
[0.9702431]
[0.99924403]
[0.95825624]
[0.9908788]
[0.5051753]
[0.98738694]
[0.22182745]
[0.9946517]
[0.9972552]
[0.9974743]
[0.9289622]
[0.99481004]
[0.9193796]
[0.9969436]
[0.99919057]
[0.00717297]
[0.9972193]
[0.9767544]
[0.5336188]
[0.99534374]
[0.9971764]
[0.99642754]
[0.9982312]
[0.9985193]
[0.9936844]
[0.9577073]
[0.9980245]
[0.9974056]
[0.9991449]
[0.9994064]
[0.98904836]
[0.98712397]
[0.99709344]
[0.9967387]
[0.99369586]
[0.3563593]
[0.99341637]
[0.9947091]
[0.9989307]
[0.9960001]
[0.8134779]
[0.9977748]
[0.9991818]
[0.99921346]
[0.9893095]
[0.98740786]
[0.99901426]
[0.9990815]
[0.9992332]
[0.984267]
[0.9924046]
[0.9988548]
[0.9987008]
[0.9984389]
[0.99911755]
[0.47212476]
[0.563703]
[0.9971638]
[0.99399847]
[0.9954184]
[0.9990261]
[0.995265]
[0.99715626]
[0.9973196]
[0.98008204]
[0.99416435]
[0.98977387]
[0.98488176]
[0.99710953]
[0.48756704]
[0.96912944]
[0.14688182]
[0.98779905]
[0.9992677]
[0.9972564]
[0.9955797]
[0.9987294]
[0.98234296]
[0.9989741]
[0.99810654]
[0.99691045]
[0.9972029]
[0.99663055]
[0.9971769]
[0.9972595]
[0.12136754]
[0.13347808]
[0.99926704]
[0.98399734]
[0.7616909]
[0.99900687]
[0.05443409]
[0.9967404]
[0.9919479]
[0.9890324]
[0.9938162]
[0.9990994]
[0.4973087]
[0.9985763]
[0.99626774]
[0.9981258]
[0.99924695]
[0.9992014]
[0.99709076]
[0.9960851]
[0.9989302]
[0.99721956]
[0.99908733]
[0.9975954]
[0.00319532]
[0.42112884]
[0.99835044]
[0.99741876]
[0.9968076]
[0.9899298]
[0.99903286]
[0.8694117]
[0.99913585]
[0.9979159]
[0.9972316]
[0.99769217]
[0.9868878]
[0.997004]
[0.8346782]
[0.98439]
[0.99868363]
[0.9991822]
[0.9053135]
[0.9971181]
[0.9976505]
[0.9974056]
[0.9973842]
[0.9971589]
[0.99556804]
[0.99598503]
[0.99716043]
[0.9992114]
[0.9992145]
[0.9973545]
[0.9937264]
[0.99575305]
[0.9959606]
[0.9987465]
[0.99916893]
[0.99916893]
[0.9969737]
[0.9874224]
[0.00426331]
[0.9991467]
[0.9965403]
[0.99704355]
[0.99725986]
[0.9934671]
[0.99572456]
[0.9975377]
[0.9971313]
[0.9955944]
[0.39074373]
[0.99914837]
[0.9990079]
[0.99924016]
[0.99922323]
[0.9971343]
[0.997225]
[0.997157]
[0.99916434]
[0.9991976]
[0.99710953]
[0.99811816]
[0.9973074]
[0.95002854]
[0.5251082]
[0.9324659]
[0.00630888]
[0.9970042]
[0.00787935]
[0.8416964]
[0.9972054]
[0.99692184]
[0.9949986]
[0.9989936]
[0.9991826]
[0.9914476]
[0.99815]
[0.99925756]
[0.9957495]
[0.99895626]
[0.9971353]
[0.9970914]
[0.99718285]
[0.997138]
[0.9971101]
[0.9976115]
[0.99732786]
[0.9917997]
[0.28236705]
[0.92648435]
[0.99904126]
[0.99673283]
[0.99236923]
[0.23985869]
[0.9991976]
[0.99744153]
[0.9990026]
[0.99925673]
[0.9968166]
[0.9991617]
[0.9919398]
[0.9914117]
[0.99645054]
[0.9992504]
[0.99821395]
[0.98945665]
[0.9990355]
[0.99914765]
[0.99674714]
[0.51111376]
[0.01342243]
[0.99725366]
[0.9964994]
[0.99715734]
[0.9971628]
[0.9992448]
[0.9970803]
[0.88371015]
[0.00174701]
[0.98314786]
[0.0481396]
[0.99584556]
[0.99720263]
[0.99723]
[0.99624383]
[0.984787]
[0.9990837]
[0.9965037]
[0.9968288]
[0.8547891]
[0.9952612]
[0.9531435]
[0.9881552]
[0.848358]
[0.99704075]
[0.00499365]
[0.00397074]
[0.99755293]
[0.97654223]
[0.99909973]
[0.9992574]
[0.02905661]
[0.99712205]
[0.9986826]
[0.99717796]
[0.9971602]
[0.99140334]
[0.9950976]
[0.9966595]
[0.02140975]
[0.997133]
[0.9971563]
[0.12102571]
[0.28989905]
[0.9960773]
[0.9657928]
[0.99690616]
[0.9975837]
[0.997134]
[0.9970994]
[0.9972129]
[0.9974632]
[0.9666937]
[0.4134375]
[0.9969745]
[0.99731606]
[0.04093227]
[0.9991372]
[0.9992244]
[0.9971738]
[0.9975896]
[0.9762665]
[0.9903513]
[0.99882066]
[0.02438816]
[0.99758816]
[0.99898434]
[0.00761056]
[0.9989861]
[0.9990592]
[0.99805105]
[0.99764234]
[0.9991132]
[0.99722695]
[0.9969443]
[0.996876]
[0.99720967]
[0.99773026]
[0.9972205]
[0.98559606]
[0.9990374]
[0.99925095]
[0.99717164]
[0.997013]
[0.9971883]
[0.9971109]
[0.99926484]
[0.99715376]
[0.9977735]
[0.99738944]
[0.99901223]
[0.99717015]
[0.99924517]
[0.99907804]
[0.9991077]
[0.00380245]
[0.00503528]
[0.00947225]
[0.9971229]
[0.99915004]
[0.9971633]
[0.99692094]
[0.99836653]
[0.9969003]
[0.9989868]
[0.99436486]
[0.9143565]
[0.99901736]
[0.9971577]
[0.9967516]
[0.99717104]
[0.9971274]
[0.99336743]
[0.9973097]
[0.9962685]
[0.9915028]
[0.9982995]
[0.99920094]
[0.9992408]
[0.9971421]
[0.99764234]
[0.99484]
[0.9988793]
[0.99842066]
[0.42334306]
[0.994701]
[0.70369565]
[0.9992645]
[0.03332061]
[0.9992267]
[0.9970492]
[0.99724406]
[0.9861448]
[0.99908817]
[0.9850279]
[0.9975333]
[0.99416894]
[0.9972642]
[0.9969529]
[0.9967879]
[0.00615987]
[0.9972063]
[0.9986824]
[0.9971488]
[0.9745477]
[0.9971595]
[0.9981607]
[0.99893725]
[0.99897385]
[0.9989525]
[0.9969523]
[0.9859339]
[0.997025]
[0.9972957]
[0.9991529]
[0.758151]
[0.99701214]
[0.995064]
[0.9970541]
[0.997059]
[0.99893093]
[0.9971355]
[0.9990853]
[0.9973987]
[0.04535687]
[0.09659669]
[0.997733]
[0.9984329]
[0.9971775]
[0.01332349]
[0.83896106]
[0.9762838]
[0.9345027]
[0.99915355]
[0.998911]
[0.03562278]
[0.99711496]
[0.9968438]
[0.9971248]
[0.9981121]
[0.99738646]
[0.997403]
[0.00873378]
[0.99164104]
[0.999001]
[0.9948909]
[0.60186774]
[0.9993345]
[0.9990339]
[0.9846469]
[0.9980101]
[0.9990062]
[0.99914646]
[0.9857587]
[0.9976313]
[0.99920225]
[0.9990474]
[0.9976829]
[0.99861944]
[0.99539316]
[0.00391418]
[0.9971607]
[0.0048151]
[0.9992154]
[0.999097]
[0.9991503]
[0.9974988]
[0.99732673]
[0.9970938]
[0.9970938]
[0.9959162]
[0.99913776]
[0.9944532]
[0.99748075]
[0.9971551]
[0.89798534]
[0.96594]
[0.9991151]
[0.7732885]
[0.9971001]
[0.27900505]
[0.99745333]
[0.99718153]
[0.0054861]
[0.9977581]
[0.02060097]
[0.99722034]
[0.9971818]
[0.9983258]
[0.9952271]
[0.99878967]
[0.9972065]
[0.9971943]
[0.63371813]
[0.9986063]
[0.9965333]
[0.9971781]
[0.99714005]
[0.5183553]
[0.53181]
[0.01163784]
[0.9895017]
[0.9627041]
[0.99902445]
[0.99707735]
[0.9990368]
[0.9974687]
[0.99715066]
[0.986729]
[0.9992168]
[0.96387255]
[0.9990884]
[0.97127306]
[0.99750245]
[0.80763793]
[0.9627348]
[0.9971379]
[0.999225]
[0.9989041]
[0.9944991]
[0.01281452]
[0.99367386]
[0.99382806]
[0.9978467]
[0.9973677]
[0.9977795]
