！！！！！！！！！！10埖！！！！！！！！！！
-6.0
-4.0
-4.0
！！！！！！！！！！09埖！！！！！！！！！！
-1.0
-20.0
1.0
6.0
6.0
4.0
4.0
-6.0
-4.0
-9.0
6.800000000000001
8.0
-2.8000000000000007
-3.2
-6.0
2.0
-4.0
6.0
10.0
-6.0
4.0
-4.0
8.0
-4.0
-11.52
-8.0
6.0
7.0
-7.199999999999999
-1.5
-8.0
-2.3333333333333335
-6.0
-4.0
4.0
8.0
4.0
-1.6
4.0
8.0
-6.0
2.0
-6.0
-6.0
10.0
5.0
-6.0
-6.0
-6.0
-8.0
6.0
-6.0
-6.0
6.0
-6.0
4.0
-36.0
-6.0
-1.6
6.0
6.0
-4.0
-2.3333333333333335
-4.0
-2.3333333333333335
7.0
1.0
-6.0
-6.0
6.4
4.0
-3.2
-7.5
4.0
-6.0
-6.0
-6.0
-6.0
-6.0
9.0
-8.0
-4.0
-4.0
-6.0
4.0
-6.0
-2.6666666666666665
-6.0
-6.0
-4.0
-6.0
-6.0
4.0
8.0
4.0
-1.6
6.0
-5.0
-6.0
-6.0
8.0
1.0
1.0
-6.0
9.0
-8.0
-6.0
-6.0
-6.0
-1.6
-1.6
4.0
12.0
6.0
-6.0
-6.0
4.0
-6.0
-1.6666666666666667
6.0
-2.3333333333333335
-2.3333333333333335
-4.0
4.0
-6.0
-2.3333333333333335
-8.0
-6.0
-6.0
4.666666666666667
-4.0
-0.5999999999999996
4.0
-6.0
-6.0
7.0
8.0
6.0
4.0
-6.0
-3.5
-2.0
6.0
4.0
8.0
8.0
-8.0
-2.0
-7.5
-2.3333333333333335
-4.0
-6.0
4.0
-1.6
4.666666666666667
6.0
4.0
4.0
-1.6
-4.0
10.0
-2.3333333333333335
-4.0
3.0
-6.0
-3.0
1.2800000000000002
4.0
4.0
-1.6
-6.0
-6.0
-4.0
-2.3333333333333335
-4.0
-4.0
-1.5
8.0
1.3333333333333333
-8.0
4.0
-4.0
4.0
6.0
4.0
7.5
6.0
2.3333333333333335
-6.0
-4.666666666666667
-1.6
-4.0
-6.0
-1.6
-6.0
-4.0
-2.3333333333333335
-4.0
5.333333333333333
6.0
4.0
8.0
7.0
-8.0
7.0
8.0
-8.0
6.0
-1.6
-4.0
-6.0
-1.6
-6.0
2.0
-6.0
-1.6
4.0
4.0
6.0
-6.0
4.0
4.0
-6.0
-1.6
-6.0
6.0
8.0
-6.0
-6.0
-0.7999999999999998
-8.0
7.0
-6.0
-6.0
-8.0
-4.8
-4.0
-12.0
-6.0
-4.0
-6.0
-1.6
-6.0
4.0
6.0
4.0
-1.6
-6.0
10.0
-1.6
-3.2
5.0
！！！！！！！！！！08埖！！！！！！！！！！
-6.0
-1.6
-6.0
-8.0
-6.0
8.0
-8.0
4.0
4.0
-12.0
-2.5600000000000005
-6.0
4.0
0.0
6.0
6.0
-1.6
3.0
4.0
2.0
-1.6
4.0
-3.5
6.0
-4.0
-6.0
-2.3333333333333335
-6.0
4.0
-7.5
6.0
-2.3333333333333335
-4.0
2.0
4.0
4.0
-4.0
0.9333333333333336
-2.0
9.0
-4.0
-1.6
-5.0
-6.0
2.4000000000000004
-6.0
-6.0
0.0
6.0
-6.0
4.0
4.0
-8.0
-2.888888888888889
10.0
6.0
-1.6
-8.0
-6.0
2.0
-6.0
1.5
7.0
-4.0
2.0
6.0
-8.0
-4.0
2.0
7.199999999999999
-4.0
4.375
-2.3333333333333335
7.0
-8.0
6.0
6.0
4.0
4.0
4.0
5.333333333333333
6.0
-6.0
6.0
-6.0
-8.0
-6.0
7.199999999999999
6.0
4.0
-1.0
0.0
0.0
-4.0
6.0
-2.3333333333333335
-6.0
-2.0
7.9
4.0
-8.0
-6.0
-5.7
-8.0
8.0
-6.0
-6.0
-6.0
6.0
8.0
-1.6
-6.0
-6.0
6.0
-6.0
-6.0
-5.0
-1.2
-6.0
4.0
4.0
6.0
6.0
8.0
10.0
-1.6
6.0
6.0
7.0
6.0
-2.5
-6.0
0.0
6.0
-9.6
4.0
6.0
6.0
4.0
4.0
5.0
6.0
4.0
7.333333333333333
6.0
6.0
6.0
5.0
6.0
6.0
6.0
6.0
6.0
6.0
6.0
4.0
6.0
6.0
-7.0
5.0
-8.0
-4.0
6.0
6.0
6.0
6.0
6.0
6.8
-6.0
6.0
4.0
6.0
9.0
6.0
9.0
6.0
4.0
9.0
6.0
6.0
6.0
9.0
6.0
6.0
-1.0
6.0
6.0
6.0
6.0
6.0
6.8
-6.0
9.6
6.0
6.0
6.0
8.0
-1.6
8.0
8.0
-6.0
-4.0
-6.0
2.6666666666666665
3.3333333333333335
-4.0
7.333333333333333
1.1999999999999997
6.0
8.0
6.0
-4.0
-6.0
-6.0
6.0
-8.0
-4.8
6.0
8.0
6.0
6.0
6.0
6.0
6.0
6.0
6.0
6.0
9.0
6.0
6.0
4.0
7.0
6.0
6.0
6.0
10.0
6.0
6.0
6.0
6.0
8.0
4.0
6.0
20.25
10.0
10.0
6.0
6.0
6.0
-6.0
6.0
6.0
6.0
9.0
-6.0
6.0
6.0
-6.0
6.0
-6.0
6.0
9.0
6.0
4.0
6.0
9.0
-2.0
6.0
0.0
-1.3333333333333333
6.0
4.0
6.0
-6.0
0.8
-1.6
6.0
-4.0
-2.5
8.0
-1.25
6.0
8.0
6.0
-10.0
6.0
6.0
7.0
4.0
4.285714285714286
6.0
0.0
5.2
-6.0
6.0
-4.0
-4.0
0.0
-4.0
6.0
-3.0
4.0
-4.0
-6.0
10.0
-4.0
-6.0
-6.0
-6.0
2.0
5.333333333333333
-6.0
-2.857142857142857
1.0
6.0
-4.0
-4.0
-2.857142857142857
18.0
9.6
-4.0
6.0
-6.0
-4.0
-4.0
-1.0
4.0
-4.0
-2.0
4.0
6.0
-4.0
6.0
4.0
-4.0
8.0
-4.0
-4.0
8.0
6.0
6.0
-3.2
-4.0
-2.857142857142857
1.6
-4.0
-4.0
-4.0
-2.3333333333333335
-4.0
-6.0
-6.0
-6.0
-8.0
-2.857142857142857
-6.0
-6.0
4.0
-6.0
6.0
-6.0
-6.0
-9.0
4.266666666666667
-2.857142857142857
-6.0
-4.0
1.0
-4.0
-2.3333333333333335
4.0
-6.0
-7.0
6.0
4.0
-2.3333333333333335
-4.0
-6.0
6.0
-8.639999999999999
6.0
-4.0
-2.857142857142857
2.0
4.0
4.0
2.0
4.0
4.0
-3.0
-6.0
-6.0
-6.0
-4.0
2.6666666666666665
-6.0
-2.857142857142857
4.0
12.0
-4.0
-3.0
6.0
-6.0
6.0
-4.0
-2.0
0.0
-8.0
-6.0
-6.0
-4.0
9.0
-6.4
-4.0
-1.3333333333333333
-6.0
-7.199999999999999
-2.3333333333333335
-4.0
-4.0
2.0
6.666666666666667
-0.125
-4.0
6.4
-7.0
8.0
-6.0
-6.0
0.0
2.0
6.0
8.0
3.2
-1.0
6.0
6.0
-2.9
-8.0
2.5
2.0
-6.0
4.0
4.0
-4.4
-4.0
-4.0
4.0
-8.0
2.5
1.3333333333333333
4.0
6.0
6.0
-8.0
-6.0
9.0
-6.0
-6.0
-7.333333333333333
4.0
2.0
7.0
8.0
3.3333333333333335
6.0
6.0
4.0
-6.0
-8.0
-6.0
-4.0
-6.0
4.0
6.0
-4.0
2.0
-3.2
6.0
6.0
6.0
6.0
-8.0
-6.0
-8.0
4.0
4.0
10.0
5.0
2.6666666666666665
0.0
2.0
-3.3000000000000007
-6.0
6.0
-5.0
1.5
-2.3333333333333335
-4.0
10.0
-4.0
！！！！！！！！！！07埖！！！！！！！！！！
-4.0
-2.857142857142857
-4.0
4.0
8.0
6.0
6.0
-2.0
6.0
6.75
-6.0
-6.0
-12.0
-8.0
-8.0
5.0
3.3333333333333335
-6.0
-2.857142857142857
1.9
0.5
-6.0
-4.0
-1.0
-2.0
5.0
-8.0
0.0
-7.8
-6.0
-4.0
6.0
-6.0
2.0
-8.0
-6.0
-6.0
6.0
-6.0
6.0
7.199999999999999
6.0
-6.0
-1.0
2.3
-6.3999999999999995
-4.0
-6.0
-6.0
-6.2
-6.0
-6.0
3.3333333333333335
-8.0
-6.0
-6.0
-5.0
-6.0
-8.0
4.0
6.0
-6.0
-8.0
-4.0
-8.0
-6.0
8.0
-8.0
4.0
-4.0
-6.0
4.0
5.0
6.0
-1.0
7.0
8.0
-6.0
-6.0
-4.0
-6.0
-3.2
-2.4
-4.0
6.0
-6.6
-6.0
-4.0
-4.0
4.0
-6.6
-6.0
-8.0
4.0
-3.2
-1.0
-4.0
-6.0
-6.0
-6.0
5.6
-6.0
-6.0
-2.3333333333333335
-8.0
-8.0
6.0
-6.0
4.0
-4.0
2.0
-4.0
-4.0
6.0
-6.0
-6.0
-6.0
-6.0
10.0
-4.0
4.0
-6.0
-6.0
-12.0
4.800000000000001
-6.0
-6.0
-7.0
7.0
0.0
7.0
2.0
-8.0
7.0
6.0
-4.8
6.8
4.0
-8.0
-6.0
6.0
-4.0
8.0
-4.8
-4.0
-4.0
-6.0
-4.0
-4.0
-6.0
-6.4
-6.0
-12.0
6.0
6.0
-4.285714285714286
-6.0
-4.0
6.0
-6.0
-4.0
-6.0
-6.0
6.0
-2.0
-2.857142857142857
-6.0
-4.0
11.6
8.0
-1.0
4.666666666666667
4.666666666666667
-8.0
-6.0
-4.285714285714286
4.0
-6.0
-6.0
-2.3333333333333335
-4.0
-6.0
4.0
-4.666666666666667
-2.3333333333333335
-6.0
6.0
3.2800000000000002
8.0
0.0
4.0
-6.0
7.0
0.0
-5.5
10.0
-4.0
4.0
-4.0
-6.0
4.8
-0.6399999999999999
-1.3333333333333333
-2.857142857142857
8.0
2.0
10.0
-6.0
-4.666666666666667
-6.0
0.0
-2.857142857142857
-4.666666666666667
2.0
10.0
3.5
-2.857142857142857
-8.0
-3.5
6.0
4.0
-10.0
4.0
-6.0
-6.0
-4.0
-9.0
0.0
6.0
6.0
-6.0
6.0
6.0
0.0
-8.0
-4.0
-8.0
-6.0
-7.0
-6.0
-6.0
-6.0
-6.0
-6.0
-8.0
6.0
8.0
-5.0
-8.0
10.0
-8.0
8.0
0.0
-8.0
-6.0
6.0
-6.0
-6.0
-2.857142857142857
6.0
-4.0
-4.666666666666667
6.0
7.0
4.0
-6.0
-6.0
-6.0
-6.0
0.0
-4.0
-6.0
4.0
0.0
-4.0
-6.0
-6.0
8.0
10.0
-4.0
6.0
-4.666666666666667
-6.2
-6.2
-6.0
-1.0
-6.666666666666667
0.0
-6.0
-12.0
-6.0
-6.0
-1.6
4.0
-6.0
-6.0
10.0
4.0
10.0
4.0
-7.0
-6.0
-1.6
-6.0
0.7711999999999994
4.0
4.0
-6.0
6.0
4.0
4.0
-5.0
4.0
-5.0
6.0
0.0
-6.4
4.0
-6.0
6.0
6.0
-6.0
5.333333333333333
1.0
4.0
6.0
6.0
6.0
4.0
6.666666666666667
7.333333333333333
-5.0
-4.0
0.5
-2.5
6.0
-2.0
-5.0
-3.6
-6.0
6.0
-4.0
8.0
-1.6
-4.0
-1.0
-1.0
-10.0
-6.0
-6.0
-5.0
-2.0
6.0
6.0
-4.0
10.0
6.0
4.0
-1.6
4.0
6.0
-6.0
-5.0
10.0
-4.0
6.0
-6.0
-6.0
8.0
-8.0
-5.0
6.0
-5.0
-8.0
-2.3333333333333335
2.0
-1.6
-4.0
-4.0
-5.0
6.0
1.0
-4.0
-1.0
5.866666666666667
-1.6
-5.76
-6.0
-1.0
-6.0
-5.0
4.0
-6.0
0.0
-4.0
-8.0
-6.0
10.0
6.0
4.0
6.0
0.0
-6.0
-6.0
-16.0
6.666666666666667
-5.0
-6.0
16.0
4.0
12.0
-3.0
4.0
-6.0
16.0
-6.0
-6.0
-4.0
-5.0
4.0
9.0
-5.0
6.0
-8.0
6.0
-6.0
7.199999999999999
-4.4
-2.3333333333333335
-6.0
2.0
4.0
6.0
-4.0
6.0
-6.0
7.0
8.0
-6.0
6.0
6.0
2.0
6.0
-6.333333333333333
-4.0
-10.0
-1.0
-6.0
2.0
8.0
-5.0
4.0
4.0
-6.0
8.0
6.0
-6.0
4.0
-6.0
6.0
-6.0
-4.0
-5.0
-3.25
-5.0
-2.3333333333333335
-8.0
4.0
-8.0
6.0
-2.6666666666666665
-2.3333333333333335
4.0
8.0
-8.0
-9.0
4.0
12.0
4.0
-4.0
4.0
7.0
-6.0
8.0
-5.0
4.0
6.0
4.0
8.0
8.0
6.0
-6.0
-4.0
-4.0
4.0
-1.3333333333333333
15.0
-0.5
6.0
-6.0
6.0
-6.0
7.0
6.0
1.0
2.0
4.666666666666667
5.0
！！！！！！！！！！06埖！！！！！！！！！！
-6.0
0.0
4.0
-6.0
-6.0
-6.0
-6.0
-2.857142857142857
-6.0
-2.3333333333333335
-6.0
-6.0
-6.0
-5.0
-4.800000000000001
-6.2
4.0
4.0
-6.0
4.0
4.0
6.4
-5.6
-4.8
-6.0
-6.0
-1.0
4.0
-4.8
-8.0
6.0
-6.0
-5.4
6.0
4.0
-7.199999999999999
4.666666666666667
-8.0
-6.0
-4.0
-12.0
6.0
-6.0
-4.0
-6.0
-6.666666666666667
6.0
5.88
1.3333333333333333
-1.0
-10.0
6.0
8.0
-6.0
-6.0
-8.0
1.3333333333333333
-5.0
-2.2
6.0
-4.0
8.0
-1.7333333333333334
8.0
-6.0
2.3333333333333335
-2.857142857142857
0.13333333333333344
2.3333333333333335
4.0
6.0
8.0
-5.0
4.0
-4.6
5.333333333333333
8.0
-6.0
-8.0
6.0
-4.5
-4.800000000000001
-6.0
-5.0
-4.0
0.0
1.0
-6.0
-1.3333333333333333
4.0
-6.0
2.0
7.0
-4.0
6.0
4.0
-3.0
-8.0
-6.0
-0.5257142857142857
8.0
-4.0
-6.0
5.0
5.733333333333333
-5.0
-2.3333333333333335
-3.3333333333333335
4.8
4.0
2.0
-1.8
-6.0
-8.0
6.0
4.0
16.0
-6.0
-6.0
-6.0
-6.0
-1.5999999999999999
8.0
6.0
-0.8
4.0
-4.0
-1.0
-6.0
-7.199999999999999
4.0
-6.0
4.0
-2.0
-6.0
4.0
6.0
6.0
4.0
2.0
0.13333333333333344
2.3333333333333335
4.8
6.0
6.0
4.4
-6.0
6.0
-6.0
6.0
-6.0
6.0
4.0
4.0
4.0
-5.333333333333333
-2.857142857142857
4.0
6.0
1.0
-2.6666666666666665
6.0
1.0
-6.0
-2.857142857142857
-3.0
4.0
-8.0
-5.333333333333333
-2.0
4.0
8.0
-6.0
-8.639999999999999
12.0
-6.0
4.0
-6.0
-6.0
1.0
-2.6666666666666665
-2.6666666666666665
4.0
0.0
4.0
6.0
0.0
-6.0
4.0
1.5
0.0
-6.0
-6.0
4.3999999999999995
0.3999999999999999
1.0
-6.0
4.3999999999999995
4.0
0.0
-7.199999999999999
-4.0
-9.0
10.0
-10.0
6.0
-6.0
-6.0
4.0
-2.0
2.0
6.0
4.0
