！！！！！！！！！！04埖！！！！！！！！！！
-5.6
-3.6666666666666665
4.0
-6.0
-6.0
-6.0
-6.0
4.4
3.5
3.5
3.5
-7.199999999999999
6.0
-6.0
6.0
6.0
-6.0
9.600000000000001
-6.0
-6.0
6.0
-6.0
6.0
0.6599999999999997
-0.5600000000000002
6.0
0.0
6.0
8.0
-6.0
-4.0
6.0
4.0
6.0
6.0
-6.0
-5.0
6.0
6.0
-8.0
6.0
0.0
0.0
6.0
6.0
6.0
-5.0
1.0
-6.0
6.0
6.0
6.0
5.0
8.0
6.0
-6.0
-6.0
-10.0
2.8666666666666667
9.0
-3.2
8.0
-6.0
6.0
0.5
6.0
6.0
-4.0
-7.0
4.0
7.5
6.0
5.0
-6.0
4.0
-4.0
6.0
-4.0
-10.0
-4.0
6.0
6.0
6.0
-6.0
6.0
-4.0
-6.0
6.0
-2.0
-6.0
-6.0
-4.0
-4.0
-4.0
-5.4
4.0
-4.0
6.0
-4.0
4.333333333333333
-4.0
6.0
8.0
-1.2
6.0
-6.0
4.0
-4.800000000000001
6.0
6.0
6.0
-6.0
-8.0
-4.0
-6.0
6.0
6.0
4.0
6.0
4.0
-6.0
2.0
-6.0
9.0
-4.0
-6.0
4.0
-2.3333333333333335
-4.0
-6.0
-6.0
-4.0
-4.0
-4.0
-4.0
6.0
2.0
6.0
4.0
-2.5
-4.0
4.0
-6.0
-5.0
4.0
4.0
8.0
6.0
-4.0
13.5
6.0
2.0
4.0
4.0
4.0
6.0
1.3333333333333333
2.0
-6.0
4.0
3.0
6.0
6.0
-4.0
6.0
10.0
8.0
-4.0
6.0
-6.0
8.0
6.0
-6.0
4.0
-6.0
-20.25
-4.800000000000001
6.0
-6.0
-6.0
6.0
4.0
2.0
6.0
-6.0
6.0
6.0
6.0
6.0
-6.0
8.0
6.0
-8.0
6.0
6.0
-8.0
6.0
8.0
6.0
4.0
24.0
4.0
-6.0
-6.0
4.0
0.9813333333333342
0.0
6.0
6.0
9.6
-4.800000000000001
6.0
-6.0
8.0
-6.666666666666667
6.0
-4.800000000000001
-4.800000000000001
-6.0
6.0
6.0
-6.0
0.0
6.666666666666667
-6.0
-6.0
-4.800000000000001
-6.0
-6.0
-6.0
0.0
0.9813333333333342
-6.0
6.0
-6.0
6.0
-4.800000000000001
-8.0
-6.0
-4.800000000000001
3.5
-6.0
-6.0
-6.0
0.0
8.0
0.9813333333333342
6.0
-6.0
-6.0
-2.6666666666666665
-4.800000000000001
-2.0
-8.0
6.0
-6.0
-7.333333333333333
6.0
-8.0
6.0
-2.9333333333333336
-4.0
-5.0
-6.0
-6.0
-6.0
4.0
2.0
0.0
-8.0
-8.0
0.0
6.3999999999999995
6.0
0.0
-3.0
12.0
-8.0
-4.800000000000001
4.0
-6.0
-6.0
-8.0
-7.199999999999999
-6.0
-2.0
-7.333333333333333
4.0
-6.0
8.0
2.4
6.0
-6.0
-4.0
-5.333333333333333
6.0
6.0
-12.0
-6.0
-4.0
-15.0
-6.0
8.0
5.0
3.0
0.0
-6.0
0.0
-6.0
-6.0
-6.0
6.0
6.0
-4.0
5.5
-6.0
-5.0
-6.0
-4.0
8.0
0.0
-24.0
6.0
-2.4
-6.0
-6.0
-8.0
-10.799999999999999
4.0
-6.0
-8.0
-6.0
2.0
-6.0
-6.0
5.0
-2.0
6.0
5.0
6.0
2.0
-6.0
-9.0
6.0
6.0
4.666666666666667
-8.0
-2.6666666666666665
5.0
-5.0
-6.0
6.0
6.0
-6.0
6.0
-8.0
7.0
-5.0
12.0
4.0
16.0
-3.3333333333333335
4.0
6.0
-6.0
-6.0
4.0
7.0
4.666666666666667
-6.0
6.0
6.0
4.0
4.666666666666667
-6.0
-2.2399999999999998
-6.0
-6.0
-6.0
-6.0
1.0
-6.0
-6.0
-6.0
-4.0
-6.4
6.0
4.0
6.0
6.0
-6.0
3.2
3.2
6.0
6.0
-4.800000000000001
2.0
5.0
8.0
4.0
4.0
-1.0
6.0
1.3333333333333333
-2.5
8.0
-6.0
0.0
6.0
-6.0
-6.0
6.0
-4.0
0.0
6.0
-4.0
4.0
0.0
4.0
-6.0
-6.0
6.0
6.0
6.0
2.0
6.0
-4.0
2.6666666666666665
-7.0
-6.0
-6.0
6.0
6.0
6.0
4.0
7.0
6.0
6.0
6.0
6.0
6.0
6.0
4.0
6.0
2.0
4.0
6.0
7.0
6.0
6.0
6.0
8.0
-6.0
-6.0
-6.0
6.0
6.0
4.0
-6.0
6.0
6.0
6.0
6.0
4.0
-2.4
-6.0
-0.6666666666666666
7.0
-5.333333333333333
6.0
6.0
4.0
-4.0
-6.0
6.0
6.0
-8.0
6.0
-4.0
-4.6
6.0
12.0
0.0
-6.0
-0.5
-6.0
-6.0
1.0
6.0
1.7333333333333332
-6.0
6.0
5.333333333333333
2.0
-6.0
-6.0
6.0
10.0
-6.0
6.0
-8.0
6.0
-8.639999999999999
-8.0
6.0
-6.666666666666667
6.0
-5.333333333333333
-6.0
2.0
-6.0
-6.0
-6.0
-6.0
4.0
-6.0
-6.0
6.0
5.333333333333333
-3.84
-6.0
6.666666666666667
6.3999999999999995
6.0
6.0
-6.0
6.5
6.0
7.333333333333333
6.0
6.0
8.0
6.0
5.0
6.0
6.0
6.0
7.333333333333333
6.0
8.0
6.0
6.0
4.0
-2.5
6.0
-6.0
4.0
8.0
4.0
4.666666666666667
5.0
6.0
2.0
6.666666666666667
6.0
6.0
6.0
6.0
0.0
2.0
6.0
6.5
6.0
2.0
6.0
6.0
6.666666666666667
6.0
7.199999999999999
6.0
6.5
2.0
6.0
6.0
6.0
6.0
6.0
6.0
6.0
6.0
6.0
6.0
6.0
6.0
6.0
5.0
6.0
4.666666666666667
6.0
6.0
7.0
6.0
7.0
6.0
6.0
4.5
4.0
6.0
6.0
6.0
6.0
6.0
6.0
-1.3333333333333333
5.0
4.0
6.0
6.0
6.0
6.0
-6.0
-6.0
-10.0
-4.16
4.0
-6.0
-6.0
-4.0
-6.0
-8.0
5.0
-6.0
-4.0
-6.0
-5.0
-5.333333333333333
-4.0
-6.0
6.0
-6.0
6.0
8.0
1.0
-6.0
-6.0
-6.0
6.0
-6.0
4.0
-6.0
0.0
-2.0
-8.0
6.0
-6.0
-6.0
6.0
4.0
-6.0
-8.0
-4.0
-6.0
-10.0
-6.0
-6.0
-10.0
-4.0
6.0
6.0
-10.0
-6.0
-3.2
1.5
0.0
1.0
0.0
-9.0
12.0
6.0
1.0
-6.0
-5.0
8.0
-8.0
7.5
-8.0
6.0
-7.199999999999999
6.0
-6.0
-3.2
6.0
0.0
-4.0
-7.6
4.0
6.0
-6.0
-3.0
4.0
-5.0
-7.199999999999999
-6.0
6.0
1.7999999999999998
6.0
6.0
-6.0
1.0
10.0
6.0
-8.0
-7.0
-4.0
-4.0
-6.0
6.0
-4.0
6.0
6.0
2.0
16.0
6.0
-6.0
-6.0
2.0
-8.0
6.0
-4.0
-6.0
-6.0
-6.0
7.199999999999999
-6.0
-1.0
6.0
-6.0
-4.0
8.8
4.0
-4.0
-2.5
6.0
4.0
1.8666666666666665
1.6000000000000003
-6.0
6.0
6.0
-6.0
-6.0
6.0
-4.0
-6.0
8.0
6.0
4.0
-6.0
6.0
4.8
-8.8
-1.5
-1.0
3.84
-7.0
-4.0
4.666666666666667
-6.0
0.0
-6.0
-1.6666666666666667
6.0
-6.0
6.0
-8.0
-4.0
5.0
2.4
6.0
7.0
6.0
7.0
4.0
-6.0
10.799999999999999
-5.0
10.0
9.0
-6.0
4.0
-6.0
-6.0
-6.0
-4.0
6.0
3.2
4.0
4.0
6.0
8.0
-4.0
-6.0
-6.0
8.0
6.0
6.0
1.0
-6.0
-6.0
0.0
-3.2
-6.4
-9.6
4.0
-4.0
-4.0
-6.0
-4.0
-6.6
-4.0
-6.0
-6.0
-6.0
-4.266666666666667
6.0
-4.0
6.0
4.0
-6.0
-8.0
-6.0
-8.0
5.0
4.0
-4.666666666666667
-6.0
6.0
5.0
4.0
-4.666666666666667
0.0
-6.0
-6.0
-6.0
6.0
-4.0
-4.0
-6.0
-7.319999999999999
8.0
-6.0
-6.0
-4.800000000000001
-2.0
-4.0
-3.2
4.0
6.0
3.0
-6.0
-1.0
-6.0
3.6
-7.0
-6.0
8.0
2.0
-6.6
4.0
3.1999999999999997
6.0
-7.0
-6.0
6.0
-8.0
3.0
-6.0
-6.0
-4.833333333333333
-6.0
4.0
-5.5
6.0
-6.0
2.6666666666666665
-4.0
-6.0
0.0
-6.0
3.733333333333333
-6.0
-6.0
-6.0
-6.0
-1.0
-1.0
5.0
-8.0
0.0
-6.0
-6.0
6.0
4.0
-1.5
10.0
6.0
3.3333333333333335
-6.0
6.0
6.0
4.0
6.0
6.0
-4.0
3.2
-2.5600000000000005
6.0
6.0
-6.0
6.0
8.0
-6.0
6.0
6.0
2.0
-8.0
-0.6666666666666666
4.0
-6.0
6.0
-6.0
0.5
7.0
-8.0
6.0
4.0
-6.0
-6.0
-6.0
6.0
-6.0
-4.444444444444445
-6.0
-8.0
6.0
4.0
6.0
-8.0
-6.0
0.0
-6.0
6.0
-6.0
4.0
8.0
4.0
-6.0
1.0
6.0
-1.1999999999999997
-5.5
-2.6666666666666665
4.8
-5.333333333333333
6.0
-8.0
-6.0
-4.0
3.0
-2.0
4.0
-4.666666666666667
6.666666666666667
-6.0
7.199999999999999
-6.0
-6.0
0.0
-6.0
6.0
-8.0
-2.4
4.0
-6.0
-6.0
-6.0
-5.0
4.0
-7.199999999999999
4.0
-8.0
-6.0
6.0
-7.066666666666666
-6.0
-8.0
-6.0
4.0
-6.0
-6.0
-3.3333333333333335
-4.0
-6.0
-1.3333333333333333
1.3333333333333333
-6.0
-0.20000000000000018
9.0
-6.0
-6.0
-2.6666666666666665
1.3333333333333333
-6.0
6.0
-5.0
-3.0
-2.0
-6.0
0.5
-4.0
-8.0
6.0
6.0
-6.0
-6.0
-6.666666666666667
-4.0
-6.0
0.0
3.0666666666666664
-4.0
-6.0
6.0
-6.0
-8.0
4.0
-6.0
-6.0
-5.0
6.0
-6.0
-6.0
-4.0
-8.0
6.0
6.0
-6.0
6.0
6.0
4.464
8.0
-6.0
6.0
-1.3333333333333333
6.0
6.0
-6.0
-9.0
6.0
8.0
2.0
-2.0
1.6
8.0
-20.0
6.666666666666667
8.0
-6.0
6.0
2.0
6.0
-5.0
1.3333333333333333
1.7333333333333332
-1.8
6.0
2.0
5.0
-2.0
6.0
0.0
8.5
-1.0
0.9440000000000003
9.0
6.0
4.0
8.0
6.0
8.0
16.0
4.0
-2.0
1.0666666666666664
5.0
8.0
8.666666666666666
-8.0
9.6
5.333333333333333
6.0
-7.199999999999999
1.75
-6.0
-1.9333333333333336
-4.5
-6.0
7.0
9.6
3.2
-1.3333333333333333
8.0
-6.0
3.3333333333333335
6.0
6.0
-1.3333333333333333
-6.0
-4.0
-8.0
-6.0
6.0
6.0
1.0
6.0
-2.0
6.0
8.0
-6.0
-6.0
-6.0
-5.0
4.0
-6.0
6.0
6.0
-6.0
0.0
6.0
6.0
-4.0
5.25
-6.0
4.0
-8.0
6.0
5.142857142857143
4.0
7.0
1.0
-6.0
-6.0
-5.0
6.0
-6.0
-3.3333333333333335
-6.0
0.6666666666666666
-4.0
-6.0
-7.0
-6.0
-6.0
6.0
-6.0
-6.0
-4.0
-2.08
-6.0
-6.0
-1.0
-8.0
-6.0
-4.0
-4.0
-6.0
-6.0
6.0
7.0
6.0
6.0
6.0
4.0
-6.0
6.0
6.0
6.0
6.0
6.0
6.0
6.0
6.0
4.0
8.0
4.0
6.0
6.0
6.0
6.0
-4.800000000000001
2.0
6.0
1.0
8.0
4.0
8.0
7.0
8.0
4.0
9.0
6.0
6.0
4.4
4.4
4.4
4.4
4.4
4.4
4.4
4.4
-3.0
-4.0
6.0
8.0
-6.0
8.0
4.666666666666667
6.0
2.6666666666666665
-0.7000000000000002
8.0
-6.0
6.0
-6.0
6.0
-8.0
-6.0
6.0
-8.0
-1.0
4.666666666666667
4.666666666666667
6.0
4.0
1.36
6.0
2.2
-0.9600000000000002
8.666666666666666
4.0
6.0
6.0
6.5
7.0
6.0
7.0
5.0
6.0
6.0
6.0
9.0
0.8
7.0
6.0
6.666666666666667
6.0
0.6666666666666666
6.0
6.0
4.0
6.0
6.0
6.0
8.0
6.0
7.0
6.0
6.0
0.8571428571428571
6.0
6.0
6.0
6.0
6.0
6.0
6.0
6.0
6.0
-6.0
12.0
9.0
7.333333333333333
5.0
-8.0
-8.0
4.800000000000001
-6.0
8.0
6.0
-7.333333333333333
-6.0
6.0
-7.0
-14.400000000000002
4.0
-5.6
-7.199999999999999
6.0
-6.0
6.0
-9.0
-7.199999999999999
-0.5
-1.0
-6.0
-6.0
-6.0
6.0
-5.76
4.0
-4.0
-6.0
0.0
6.0
-4.0
-8.0
0.0
-6.0
-6.0
4.0
-6.0
-6.0
-6.0
-6.0
0.0
6.0
-6.0
6.0
6.0
6.0
-6.0
6.0
6.0
6.0
6.0
8.0
7.0
4.0
-1.0
5.5
4.0
8.0
11.0
8.0
7.0
4.0
4.0
8.0
3.0
0.0
-6.0
-6.0
-1.0
-6.0
-1.0
4.0
6.0
8.0
0.0
-6.0
-7.0
6.0
-6.0
5.0
-4.800000000000001
4.0
-6.0
-5.0
1.5
4.8
2.5
6.0
2.0
6.0
5.0
6.0
6.0
6.666666666666667
6.0
6.0
-3.6
8.0
6.0
7.0
-3.2
-6.0
8.0
6.0
-4.0
6.0
-1.0
-4.0
-4.5
-3.2
6.0
4.0
6.0
-9.0
-7.0
6.0
-6.0
-6.0
4.0
6.0
2.0
-5.4
-1.0
-4.0
4.0
-6.333333333333333
4.0
6.0
-6.0
1.0
-6.0
-6.0
-6.0
6.0
-5.4
6.0
7.0
6.0
6.0
4.0
6.0
7.0
-8.0
6.5
4.5
8.0
7.0
-4.0
-5.6
-6.0
-2.6666666666666665
6.0
-6.133333333333333
-6.0
4.0
-6.0
6.0
-6.0
-6.0
6.0
6.0
-8.0
-4.0
6.0
4.0
-4.800000000000001
-6.0
5.333333333333333
-5.5
-6.0
4.0
6.0
-1.0
2.0
6.0
6.75
-6.0
-2.0
4.0
6.0
-8.0
-1.8000000000000007
-6.0
-18.666666666666668
6.0
6.0
7.5
-8.0
-1.0
-2.0
4.0
6.0
8.0
-6.0
8.0
1.0
2.6666666666666665
5.0
-6.0
-1.0
6.666666666666667
4.0
6.0
4.0
6.0
6.0
6.0
8.0
6.0
5.0
6.0
6.0
4.0
6.0
-6.0
0.5333333333333338
7.0
-7.0
-4.0
-12.0
-2.0
-6.0
-7.199999999999999
-6.0
4.0
-5.333333333333333
-6.0
-6.0
-6.0
-6.0
-6.0
-6.0
7.0
-6.0
-6.16
-6.0
4.222222222222222
-6.0
1.5
-6.0
6.0
-3.25
-4.375
-6.0
-8.0
6.0
6.6
-4.6
6.0
5.0
-6.333333333333333
-6.0
9.0
5.555555555555555
-8.0
4.0
4.0
4.0
8.0
4.0
6.0
-1.0
6.0
4.0
4.0
6.0
4.0
10.0
6.0
-4.0
6.0
-6.0
4.0
10.0
6.0
-6.0
6.0
7.0
0.0
6.0
-5.333333333333333
-4.0
4.0
-6.0
4.0
6.0
-0.3999999999999999
4.0
-6.0
4.0
6.0
2.0
8.0
6.0
6.0
6.0
-1.0
5.0
6.533333333333334
-4.0
-4.0
-3.2
8.0
-6.0
4.0
4.0
-6.0
9.0
8.0
4.0
8.0
1.0
8.0
4.0
4.0
6.0
6.0
2.1333333333333333
6.0
6.0
6.0
7.199999999999999
6.0
6.0
6.0
8.0
8.0
-6.0
4.0
8.0
2.0
4.0
10.0
6.0
-6.0
4.0
-6.0
-6.2
6.0
-1.0
4.0
6.0
6.0
7.0
6.0
-3.0
1.0
-6.0
-6.0
-1.0
-2.0
5.066666666666666
2.6666666666666665
-6.0
0.0
4.0
7.0
4.2
-8.0
-6.0
-6.0
3.0
-4.0
5.333333333333333
8.0
8.0
-6.0
-2.6666666666666665
-6.0
4.0
7.0
-5.4
-6.0
6.0
16.0
-6.0
-6.0
-6.6
0.0
-8.0
-6.0
6.0
7.199999999999999
-6.0
6.0
-8.0
12.0
-2.0
-5.0
4.0
-2.6666666666666665
-6.0
-6.0
-4.800000000000001
-6.0
-6.0
6.0
-6.0
-3.0
4.800000000000001
-0.6666666666666666
7.319999999999999
-6.0
2.4
！！！！！！！！！！03埖！！！！！！！！！！
6.0
-6.0
6.0
3.5999999999999996
4.0
0.3999999999999999
-1.0
6.0
6.0
8.0
0.6666666666666666
-4.457142857142857
-5.6
6.0
-4.333333333333333
-7.199999999999999
4.0
-6.0
-6.0
-6.0
-4.5
-6.0
-4.0
0.0
-6.0
-6.0
4.0
-4.0
6.0
6.0
-6.0
-2.7
-4.4
-6.0
-4.0
6.0
8.0
-4.8
-8.0
12.0
4.0
-8.0
4.0
6.0
4.0
6.0
7.0
4.0
6.0
4.0
6.0
6.0
8.0
4.0
-6.0
4.0
8.0
-6.0
-8.0
-6.0
-8.0
-4.75
-8.0
6.0
6.0
-2.0
8.0
6.0
-7.199999999999999
-6.0
6.0
6.0
10.5
-1.6666666666666667
4.0
6.0
4.0
6.0
4.0
6.0
-4.0
-6.0
2.0
4.25
-5.333333333333333
-6.0
-8.0
-5.0
-6.0
-7.0
-4.0
-6.0
4.0
-6.0
0.0
-6.0
-6.0
-5.0
4.0
8.0
-6.0
6.0
-6.0
6.0
6.0
-3.0
-6.0
4.0
6.0
6.0
10.0
6.0
3.0
6.0
4.0
-6.0
4.0
4.0
-6.0
4.0
4.0
-5.0
4.0
0.0
6.0
6.0
-4.0
-6.0
4.0
6.0
-6.0
-4.0
6.0
4.0
-6.0
6.0
4.0
6.0
6.0
6.0
7.0
6.0
4.0
6.0
6.0
-1.3333333333333333
-6.4
4.0
6.0
-6.0
-8.0
-6.0
6.5
-8.0
-6.0
4.0
-6.0
-6.375
-6.0
16.0
-6.0
-6.0
-8.0
-6.0
-10.0
-8.0
7.0
6.0
8.0
-6.0
1.0
-6.0
4.0
6.0
-4.0
7.0
-1.2
6.0
-6.0
6.0
4.0
-6.0
-6.0
-3.5
-5.880000000000001
-4.0
3.0
-6.0
6.0
0.0
-6.0
-6.0
1.0
1.0
-6.0
5.0
-6.0
-1.0
9.6
-6.0
-6.0
-6.0
3.3333333333333335
-6.0
6.0
-6.0
0.0
-1.0
-12.0
6.0
-6.0
-6.0
-6.0
6.0
6.0
2.6666666666666665
-8.0
9.0
8.0
4.0
-1.0
-6.0
6.0
-4.0
8.0
4.0
8.0
-6.0
6.0
7.0
6.0
6.0
-6.0
6.0
4.0
4.666666666666667
6.0
0.0
-6.0
4.666666666666667
4.0
-6.0
-8.0
8.0
6.0
6.666666666666667
-8.0
-6.0
-6.0
-6.0
-6.0
7.0
4.0
-6.0
-4.0
-3.0
7.6
-6.0
-8.0
7.0
-4.0
8.0
6.0
-1.0
-1.0
-4.0
-1.0
-6.0
4.333333333333333
-8.0
-6.0
-5.0
8.0
4.0
2.0
-6.0
-6.0
4.0
-10.0
4.0
-8.0
-6.0
6.0
7.0
2.0
6.0
1.0
7.0
6.0
4.0
6.0
6.0
4.0
7.0
6.0
6.0
6.0
6.666666666666667
7.0
5.0
12.0
4.0
4.4
4.0
8.0
7.0
6.0
6.0
8.0
6.0
6.0
6.0
7.0
6.0
5.2
6.0
2.0
8.0
3.0
6.0
6.0
8.0
6.0
7.0
6.0
7.0
8.0
-6.0
-6.0
2.0
-6.0
7.333333333333333
6.0
6.0
-6.0
-6.0
6.0
10.0
1.5
6.0
-4.0
-2.0
8.0
-7.0
-6.0
-6.0
-4.0
-9.6
-6.0
-9.6
-6.0
5.4
-6.0
-6.0
-6.0
4.0
2.6666666666666665
-7.199999999999999
-4.0
4.0
-6.0
-6.0
-6.0
7.0
-6.0
-8.0
9.0
-4.0
-6.0
8.0
-7.0
-8.0
6.0
-6.0
-2.08
-4.0
-5.0
4.0
4.0
-4.0
4.0
4.0
4.0
-6.0
-2.0
-1.0
-3.6
-6.0
4.0
4.0
-6.0
6.0
0.0
-4.333333333333333
-6.0
-6.0
-4.800000000000001
6.0
-6.0
-4.0
4.0
-9.0
-6.0
1.1999999999999997
-10.0
4.0
4.0
0.0
-4.0
-6.0
-6.0
-6.0
-5.0
1.1999999999999997
-6.0
6.0
-6.0
6.0
-5.0
-6.0
-4.0
0.6666666666666666
-5.0
7.800000000000001
-0.6666666666666666
-5.4
8.0
8.0
-6.0
0.0
-1.3333333333333333
-1.0
-16.0
9.0
6.0
-0.1333333333333333
-6.0
6.0
5.0
4.0
-6.0
6.0
-6.0
-3.0
0.0
-4.0
-2.0
-8.0
-6.0
-2.0
-0.6666666666666666
-6.533333333333334
0.0
-4.5
1.0
0.8
-6.0
-5.0
-12.0
-2.0
10.0
6.0
-4.0
8.0
-4.0
-6.0
6.0
8.0
6.0
-8.0
-1.3333333333333333
6.0
-1.0
-6.0
-12.0
6.0
6.0
4.0
-3.04
9.0
-4.0
-6.0
-4.0
-4.0
1.8666666666666665
-9.6
8.0
6.0
6.0
-4.0
-7.0
7.0
4.0
-6.0
-6.0
-3.2
4.0
-6.0
-8.0
5.0
-6.0
1.0
-6.0
6.0
-6.0
-6.0
-8.5
-7.0
-4.0
3.3333333333333335
-6.0
-4.0
-1.3333333333333333
4.0
6.0
6.0
4.0
-8.0
0.8
-6.0
6.0
-4.0
7.333333333333333
2.0
-6.0
-8.0
-8.0
3.25
-4.5
5.0
1.0
-8.0
4.5
-6.0
-6.0
-6.0
0.6666666666666666
8.0
-2.6666666666666665
-2.5
2.0
-4.0
-4.5
-1.6
-6.25
6.0
-0.6666666666666666
-12.0
-8.0
0.0
-4.0
-4.0
1.7333333333333332
-6.0
-6.5
6.0
4.0
-8.0
2.76
-6.666666666666667
-6.0
4.0
-8.0
-6.0
7.6
-4.0
-5.0
4.0
6.0
6.0
-6.0
6.0
-6.0
-6.0
6.0
-6.0
-4.0
-4.0
-4.0
-6.0
-4.0
-4.0
-4.0
-6.0
4.0
4.0
6.0
8.0
4.0
6.0
-8.0
-2.0
-6.0
-7.5
-9.0
6.0
-2.4
5.4
-1.0
-4.0
4.0
6.0
-4.0
-6.0
6.0
6.0
-8.0
-5.0
-5.0
16.0
-3.0
6.0
-2.5
10.0
6.0
-6.0
-10.0
6.0
6.0
7.5
-6.0
-2.0
6.0
6.0
8.5
6.0
7.5
-4.0
-3.2
-4.0
6.0
-6.88
-4.0
-4.0
6.0
-10.0
5.0
-4.0
-6.2
6.0
-6.0
4.0
-6.0
8.0
-3.3333333333333335
-2.56
-1.1333333333333335
-4.4
-6.0
-6.0
-9.0
-6.0
6.0
4.0
-7.199999999999999
6.0
6.0
2.0
16.0
4.6
-8.0
-2.9333333333333336
-8.0
-3.5
-1.25
-6.0
9.6
-6.0
-7.0
-7.333333333333333
-6.0
-4.0
6.0
-6.0
-6.0
-6.0
-6.0
-6.0
-8.0
-6.0
-0.8
-6.0
-6.0
-6.0
17.279999999999998
2.0
8.0
4.0
-2.0
4.0
-0.8
-6.0
-4.0
4.0
3.0
6.0
4.0
-4.0
4.0
-6.0
2.6666666666666665
1.0
-6.0
6.4
16.0
4.0
4.0
0.0
-5.5
4.0
-4.0
8.0
7.0
-4.0
-6.0
6.0
4.0
-5.5
2.0
7.0
-1.6000000000000003
5.0
-3.0
4.0
-4.0
-6.0
-4.800000000000001
-6.0
4.0
0.5
-6.0
6.0
-4.0
-6.0
1.3333333333333333
-6.0
6.0
0.0
3.3333333333333335
-2.0
-8.0
5.5
-6.0
4.0
-4.8
5.0
-1.4400000000000002
-6.0
4.0
-4.666666666666667
-6.0
-4.0
-6.0
-6.0
6.0
-6.0
6.0
-3.04
4.38
4.0
-4.8
6.0
-8.0
-6.0
5.0
-7.0
-7.0
2.0
-6.0
4.0
-4.0
-6.0
-6.0
6.0
-0.5
6.0
-2.6666666666666665
7.199999999999999
2.0
2.0
1.6000000000000003
4.0
4.970666666666666
1.0
-6.0
0.9333333333333332
-0.8266666666666668
-1.0
6.0
-8.0
6.0
-4.0
6.0
6.0
7.0
6.0
6.0
5.0
4.0
4.0
4.0
4.0
7.0
7.0
6.0
12.0
8.0
4.0
0.6666666666666666
6.0
6.0
4.0
-6.0
-6.0
-2.0
-8.639999999999999
-6.0
4.0
4.0
7.0
6.0
7.0
6.0
8.0
7.0
-2.4
9.0
4.0
7.0
7.0
6.0
4.666666666666667
3.0
-6.0
7.0
-6.4
-3.0
-4.0
7.0
-6.0
-5.0
-8.0
-6.0
5.0
-6.0
-7.0
-6.0
-6.0
-2.0
-6.0
-1.0
-4.0
5.5
-6.0
8.0
-4.0
7.333333333333333
-0.6666666666666666
8.0
-7.0
6.0
-6.0
6.0
-11.520000000000001
-5.0
-6.0
-6.0
-6.0
6.0
6.0
-4.0
-6.0
8.0
6.0
6.0
0.0
4.0
-4.0
8.0
-2.6666666666666665
6.0
4.5
-1.0
-8.0
7.6000000000000005
0.0
0.6666666666666666
1.0
6.0
3.0666666666666664
-6.0
6.0
-8.0
-6.0
7.0
6.0
-4.8
-4.0
-6.0
-6.0
-6.0
2.6666666666666665
6.0
-6.4
-6.0
-8.0
6.0
6.0
-1.2
-12.0
4.0
1.2
6.0
-6.0
-1.0
5.0
6.0
8.0
-6.0
-6.0
6.0
-1.0
-6.0
-4.6
4.0
-6.0
2.0
10.0
6.0
6.0
8.0
6.0
4.0
-4.0
2.617142857142857
8.0
6.0
6.0
6.0
1.0857142857142856
4.0
-6.0
6.0
0.0
6.0
4.0
4.0
4.0
4.0
6.0
6.0
-6.0
-6.0
6.0
-8.0
-1.25
4.0
4.0
6.0
8.0
1.0
-3.2
5.0
4.0
8.0
5.8
-22.5
4.0
-2.7
6.666666666666667
8.0
8.0
5.15
7.0
4.76
4.0
-6.0
4.0
4.0
7.8
6.0
4.0
8.0
6.0
12.0
10.0
5.0
4.0
6.0
7.0
6.0
8.0
6.0
8.0
-6.0
-0.6666666666666666
-1.0
6.0
7.0
8.0
6.0
9.0
6.0
6.0
6.0
-0.5
-6.0
-4.0
-4.0
8.0
5.5
-0.5
-4.0
6.0
8.0
-6.0
-1.7777777777777777
6.0
3.2
6.0
4.0
7.199999999999999
0.5
6.0
3.0
2.0
-2.4
-4.0
-4.0
-6.0
4.666666666666667
-8.0
-6.0
-1.7333333333333332
-4.0
-6.6
-5.760000000000001
6.0
6.0
6.0
8.0
0.0
-6.0
6.0
4.0
0.7999999999999998
6.0
-6.0
-4.0
-6.0
-6.0
-5.0
-9.0
6.0
6.0
6.0
0.0
8.0
-6.0
6.0
-2.0
0.5999999999999996
-6.0
6.0
-0.6666666666666666
8.0
-8.0
-6.0
-4.0
-6.0
-4.0
7.5
-5.0
8.0
6.0
6.0
-1.2
5.0
-1.0
-4.0
8.0
6.0
6.0
-2.1333333333333333
6.0
6.5
10.0
6.0
3.3333333333333335
7.75
3.0
5.111111111111111
4.0
6.0
-8.0
-10.0
-4.0
4.0
8.0
-8.0
-6.0
5.0
-6.0
-6.0
-6.0
-6.0
-8.0
-5.0
1.3066666666666666
8.0
8.0
-8.0
-4.0
-2.0
-8.0
-2.6666666666666665
-1.3333333333333333
-4.0
4.0
8.0
-8.0
-8.0
-6.0
-12.0
4.0
0.0
0.0
-4.4
-6.0
-6.0
-0.5
6.0
6.0
2.0
-8.0
-16.0
-6.3999999999999995
-6.0
-4.0
-5.333333333333333
1.28
3.0
-4.0
5.0
-6.0
4.0
2.56
-2.6666666666666665
7.199999999999999
-2.0
2.0
0.8333333333333334
0.3999999999999999
-6.0
-4.0
-4.8
0.0
2.0
0.0
-6.0
-8.0
1.0
6.0
4.0
-3.3333333333333335
0.8
1.3333333333333333
-1.3333333333333333
2.8
4.0
-4.0
-4.5
-8.0
-6.0
4.0
-6.0
9.0
-6.0
6.0
4.0
-6.0
-8.0
-1.6666666666666667
-0.6399999999999999
-6.0
16.0
2.0
-8.0
5.0
0.6666666666666666
-8.0
2.5
2.0
5.0
0.6666666666666666
8.0
3.3333333333333335
5.6
5.5
8.0
8.0
-6.0
5.0
7.0
5.0
2.0
-1.0
-6.0
5.0
4.0
-4.800000000000001
4.0
2.0
-4.0
5.0
4.0
-5.0
-4.0
0.0
-6.0
-18.0
-7.0
-1.5999999999999999
-6.0
-6.5
-1.2
4.666666666666667
6.0
-4.0
-9.6
-4.666666666666667
8.0
8.0
6.0
-6.0
1.0
5.0
6.0
-4.6
1.0
-4.0
7.0
-6.0
6.0
6.0
-5.555555555555555
6.0
-5.666666666666667
1.0
-6.0
4.0
4.0
6.0
-7.0
-6.0
6.0
-8.0
8.0
-7.0
-6.0
-6.0
7.0
-6.0
7.0
4.0
-6.0
-8.0
3.2
-2.0
8.0
-6.0
10.0
-4.0
10.0
-4.0
-4.0
-8.0
4.8
6.0
-1.0
-8.0
-8.0
4.0
6.0
-4.800000000000001
-6.0
8.0
-1.3333333333333333
6.0
6.0
-6.0
-4.0
6.0
-2.0
-4.8
6.0
6.333333333333333
-6.0
6.0
6.0
4.8
3.1666666666666665
-6.0
-7.0
-6.5
-4.0
6.0
7.0
-3.3333333333333335
-2.6666666666666665
-2.0
-6.0
-7.333333333333333
-6.0
8.0
-4.0
-6.0
-6.3
-2.6666666666666665
0.0
-4.0
-4.0
-6.0
4.0
4.0
-2.6666666666666665
-10.799999999999999
-6.0
4.0
4.0
-6.0
-7.333333333333333
6.0
-6.0
-6.0
8.0
4.0
4.5
0.0
-6.0
6.0
-12.0
-5.4
4.571428571428571
-4.0
-8.0
1.0
-4.4
8.0
-5.0
4.5
4.0
-4.4
-6.0
-7.0
-7.199999999999999
-3.0
-6.0
-6.666666666666667
-2.5
-5.0
6.0
6.0
4.0
3.3
0.0
6.0
6.0
1.2
-8.0
8.0
0.5
1.7999999999999998
2.0
-2.5
6.0
6.0
4.0
-6.0
-7.333333333333333
4.0
-7.0
-6.5
-5.0
4.0
-4.0
-4.8
0.0
-5.0
-6.5
-4.0
0.0
6.0
8.0
4.0
-5.0
-5.0
4.5
4.0
-6.0
10.0
6.0
4.0
-6.0
0.0
-5.4
10.0
-7.0
-6.0
6.0
-1.0
-4.0
-6.0
-1.0
-4.0
-3.2
-4.0
-6.0
-4.0
-6.0
2.5
4.0
4.0
4.0
-4.0
6.0
-6.0
-6.0
6.0
-6.4
-8.0
-6.0
4.8
6.0
6.0
12.0
0.0
0.5999999999999996
6.0
6.0
4.0
6.0
12.0
7.0
6.0
7.333333333333333
6.0
-9.0
8.0
-6.0
-6.0
4.0
4.0
2.6666666666666665
4.666666666666667
-7.333333333333333
4.0
6.0
10.0
2.6666666666666665
6.0
-4.0
8.0
4.0
-6.0
8.0
6.0
2.0
8.0
-6.0
8.0
2.5
-5.0
-6.0
10.5
9.0
1.0
-8.0
-6.0
-4.0
8.666666666666666
6.0
6.0
-0.5
-6.0
-12.0
8.0
8.0
-6.0
4.0
-6.0
-5.0
4.333333333333333
7.0
0.0
-8.0
6.0
8.0
8.0
7.333333333333333
4.0
-3.0
-5.0
7.0
8.0
-6.0
6.0
8.0
-8.0
6.0
7.199999999999999
5.333333333333333
4.0
-6.0
8.0
6.0
5.5
8.0
6.0
6.0
6.0
6.0
-6.0
-6.0
5.0
-9.0
8.0
-5.333333333333333
8.0
-7.333333333333333
6.0
6.0
-1.1428571428571428
6.0
4.0
-4.0
2.0
10.799999999999999
-7.0
6.0
-6.0
6.0
6.0
-5.0
1.0
2.5
4.0
6.0
7.199999999999999
6.0
-6.0
6.0
3.0
6.0
5.0
-6.0
4.0
-6.0
-6.0
6.0
7.5
6.0
4.800000000000001
3.0
-5.0
6.0
-1.2
9.0
6.0
6.0
-2.0
-4.0
6.0
6.0
6.0
8.0
4.0
6.0
-8.0
7.0
-6.0
8.0
0.5999999999999996
6.5
8.0
8.0
10.0
-6.0
6.0
2.0
4.4
-1.0
6.0
2.0
4.0
6.0
4.0
4.0
4.0
4.0
4.0
5.0
6.0
6.0
-1.0
6.0
-7.0
3.6
6.0
4.0
4.0
6.0
4.0
4.0
7.199999999999999
6.0
6.0
4.0
6.0
4.0
-9.0
8.0
6.6
3.0
-0.8
-6.0
-5.0
6.0
-4.0
1.2
6.0
-6.0
6.0
6.0
-6.0
-6.0
6.0
6.0
-6.0
6.0
-12.0
6.0
0.0
-4.0
-6.0
6.0
-6.0
6.0
-6.0
6.0
4.5
-5.0
-5.333333333333333
-6.0
6.0
-6.0
0.5999999999999996
-6.0
-6.0
-6.0
-6.0
6.0
-6.0
10.0
-6.0
6.0
-4.0
6.0
6.0
6.0
-12.0
-2.0
-6.0
-6.0
-6.0
6.0
-6.0
-6.0
-4.0
-4.0
7.0
-6.0
-7.333333333333333
-6.0
2.6666666666666665
-6.0
4.0
-7.0
-5.6000000000000005
-7.199999999999999
-0.5
0.0
10.0
6.0
6.0
-1.0
5.0
-4.0
-6.0
8.0
4.0
-1.0
1.6666666666666667
-6.0
-4.0
6.0
-4.0
-0.6666666666666666
-4.0
-2.0
-9.0
-5.0
6.0
4.25
6.0
-8.0
0.3999999999999999
-6.0
4.0
-8.0
4.0
6.0
-6.0
5.0
-6.0
6.0
-6.0
6.0
6.0
5.8
2.0
4.5
6.0
6.0
4.0
6.0
6.0
8.0
-2.0
1.1111111111111112
1.1111111111111112
1.1111111111111112
1.1111111111111112
-9.0
-6.0
-2.0
2.6666666666666665
4.0
6.0
-6.8
2.0
5.0
6.0
8.0
6.0
6.0
6.0
6.0
6.0
-2.0
6.0
6.0
6.0
4.0
7.0
6.0
9.0
8.0
4.0
8.0
6.0
8.0
4.0
0.0
6.0
-6.0
-2.56
3.5
4.0
-6.0
4.0
3.6
5.666666666666667
4.0
-8.0
4.0
-4.666666666666667
6.0
-6.0
0.0
-5.0
-18.0
6.0
4.0
4.0
4.0
4.0
4.0
4.0
-4.0
6.0
6.0
6.0
6.0
6.0
6.0
-1.5
-1.2
2.857142857142857
6.0
6.0
-5.6
-6.266666666666667
-3.072000000000001
-6.0
-6.0
-2.0
-6.0
-5.333333333333333
5.0
5.0
8.0
-11.520000000000001
-7.5
-6.0
6.5
6.0
6.0
-6.0
-6.0
-6.0
6.0
6.0
6.0
-4.0
6.0
4.0
6.0
6.0
-6.0
2.0
-4.8
4.0
6.0
6.0
0.0
6.0
-6.0
-4.0
-6.0
6.0
5.0
2.5
-6.0
-1.4
-6.5
6.0
6.0
1.6
-4.25
0.5999999999999996
4.0
8.0
6.0
10.0
6.0
4.0
6.0
6.0
-8.0
5.733333333333333
9.0
6.0
6.0
6.0
6.0
6.0
-6.0
4.0
10.0
6.0
6.0
6.0
6.0
6.0
-10.0
-6.0
3.0
2.0
2.857142857142857
8.0
-6.0
5.0
6.0
-4.0
6.0
8.0
-1.0
6.0
6.0
0.0
4.0
1.0
-8.0
6.0
6.6
8.0
6.0
-6.0
-1.5
4.0
8.0
6.0
4.0
-4.666666666666667
4.0
5.0
4.0
6.0
5.0
-8.0
4.0
6.0
5.0
3.1999999999999997
-6.0
7.333333333333333
6.2
-6.266666666666667
-6.0
-9.0
6.0
6.0
-2.8799999999999994
-6.0
6.0
6.0
4.0
6.0
-4.0
6.0
-4.0
6.0
2.0
6.0
6.0
-6.0
4.0
6.0
-6.0
4.0
6.0
2.0
6.0
12.0
-6.0
6.0
6.0
6.0
6.0
6.0
6.0
6.0
-4.0
-4.0
6.0
-8.0
6.0
4.666666666666667
6.0
-6.0
6.0
8.0
6.0
-6.0
-6.0
-3.2
-4.0
4.800000000000001
-2.0
8.0
-6.0
12.0
7.0
8.0
4.800000000000001
8.0
6.0
4.0
1.3333333333333333
12.0
