！！！！！！！！！！02埖！！！！！！！！！！
-6.0
8.0
6.0
8.0
6.0
6.0
4.0
8.0
7.0
6.0
6.0
-6.0
-4.0
6.0
3.3333333333333335
4.0
6.0
-4.0
6.666666666666667
-4.0
9.0
6.0
6.0
6.0
-6.0
6.0
-6.0
4.0
-6.0
6.0
-6.0
-1.6
6.0
4.0
5.0
-6.0
6.0
4.0
-1.6
7.319999999999999
-6.666666666666667
6.0
6.0
-6.0
6.0
6.0
4.0
-5.333333333333333
10.0
2.6666666666666665
-16.0
-6.0
5.666666666666667
2.0
6.0
4.0
6.0
2.0
6.0
6.0
-4.0
6.666666666666667
6.5
4.0
-6.0
6.0
5.0
8.0
-6.0
4.0
-3.8
-6.0
6.0
-6.0
6.0
6.0
2.8
6.0
6.0
0.0
6.0
6.0
6.0
8.0
8.0
6.0
6.0
6.0
6.0
6.0
8.0
6.0
8.0
-3.8
-4.0
8.0
4.0
2.4
-6.0
-6.0
6.0
-4.0
5.333333333333333
-4.0
6.0
6.0
6.0
4.0
6.0
6.0
-6.0
6.0
6.0
2.4
0.0
6.0
-6.0
6.0
0.6666666666666666
4.0
0.0
6.0
6.0
8.0
3.3333333333333335
-5.760000000000001
2.0
-7.333333333333333
6.0
6.0
6.0
6.0
8.0
4.0
-5.333333333333333
-5.0
6.0
6.0
8.666666666666666
8.0
12.0
7.199999999999999
1.3333333333333333
6.0
-1.1066666666666667
6.0
3.0
0.0
6.0
12.0
6.0
6.0
-6.0
-4.0
6.0
-3.3333333333333335
6.0
6.0
4.0
6.0
6.0
6.0
6.0
9.0
6.0
0.0
8.0
-6.0
-5.0
-6.0
-6.0
6.0
6.0
6.0
6.0
4.666666666666667
6.0
6.0
9.0
-3.8
6.0
-6.0
4.0
6.0
6.0
-6.0
6.0
-6.0
6.0
8.0
6.0
6.0
-6.0
6.0
-7.199999999999999
1.3333333333333333
-6.0
10.0
6.0
1.2622222222222221
-2.0
0.5
6.0
6.0
-2.6666666666666665
-3.75
2.0
6.0
6.0
6.0
2.0
6.0
6.0
-1.5
6.0
6.0
-6.0
5.875
-6.0
-6.0
-1.5
4.0
6.0
4.0
6.0
-6.0
-6.0
2.8
6.0
-6.0
4.0
-1.3333333333333333
5.0
-6.8
4.0
-6.0
2.0
0.0
4.0
-0.6666666666666666
4.0
6.0
6.333333333333333
4.0
6.0
6.0
-1.0
6.0
6.0
-1.0
-2.4
6.0
6.0
2.0
-6.0
-6.0
-6.0
4.0
-6.25
-1.3333333333333333
8.0
-4.0
6.0
6.0
-9.0
-6.0
6.0
-4.0
-0.6666666666666666
-6.0
3.0
-6.0
6.666666666666667
6.0
6.0
5.0
6.0
0.0
4.0
-4.800000000000001
0.5
6.0
6.0
-3.8
5.0
6.0
-3.2
6.0
8.0
4.0
10.0
8.0
10.0
6.0
-6.0
-3.8
0.6666666666666666
6.0
8.0
6.0
6.0
4.0
6.0
4.0
-6.0
6.0
4.88
8.0
2.6666666666666665
4.0
6.0
-4.0
6.0
6.0
8.0
5.0
6.0
4.0
4.0
6.0
-3.8
10.799999999999999
6.0
-6.0
6.0
4.0
-6.0
6.0
-6.0
-4.0
-4.0
8.0
-6.0
-6.0
6.0
-2.0
8.0
3.4072727272727277
6.0
1.0
5.0
6.0
6.0
6.0
-6.0
6.0
1.0
-3.8
6.0
6.0
-5.0
5.0
6.0
6.0
-3.8
7.0
-6.0
-1.3333333333333333
3.5
12.0
6.0
6.0
8.0
6.0
5.333333333333333
6.0
6.5
-6.0
9.6
4.0
-5.0
6.0
4.0
5.4
6.0
6.0
0.0
6.0
9.0
-3.8
4.0
-8.0
1.2533333333333336
6.0
-3.8
6.0
6.0
6.0
-1.0
6.0
-6.0
7.0
14.399999999999999
6.0
-1.0
-4.800000000000001
7.0
-3.8
1.0
6.0
4.0
-8.0
6.0
7.199999999999999
8.0
12.0
9.0
4.0
6.0
-6.0
0.16666666666666666
6.0
6.0
4.0
-4.0
6.5
6.333333333333333
6.0
-6.181818181818182
6.0
6.0
6.0
8.0
2.0
8.0
6.0
4.0
8.0
6.0
6.0
7.333333333333333
-2.6666666666666665
4.0
6.0
0.6666666666666666
6.25
-6.0
0.0
7.0
6.0
6.0
6.0
6.0
-6.0
6.0
4.0
9.0
6.0
-4.0
-8.0
6.0
6.0
6.0
6.0
6.0
-6.0
6.0
-2.0
4.0
6.0
-5.0
0.0
10.0
2.0
-3.2
6.0
-5.0
8.0
6.0
-3.142857142857143
-6.0
8.639999999999999
6.0
-2.5
8.0
6.0
-4.0
-8.0
-6.0
6.0
2.0
-8.0
6.0
4.666666666666667
-6.0
-1.0
-6.0
-6.0
0.0
6.0
5.0
6.333333333333333
-6.666666666666667
-8.0
-0.5
-3.8
4.666666666666667
-4.0
-8.0
0.4
6.0
6.0
-0.5999999999999996
-8.0
0.0
-0.5
-0.5
-3.8
6.0
6.0
6.0
6.0
6.0
6.0
-8.0
-4.0
6.0
6.0
6.0
3.2
-0.5
-3.8
0.2666666666666669
6.0
-3.8
5.0
6.0
0.0
-2.0
-4.4
-4.0
1.0
4.8
0.0
4.0
-6.0
-12.0
4.0
6.0
8.0
-4.800000000000001
-2.0
8.0
6.0
6.0
6.0
9.0
6.0
10.0
4.0
6.0
-6.0
3.0
10.0
7.5
6.0
-3.8
4.0
4.0
4.0
6.0
4.0
4.0
3.0
4.0
5.2
6.0
6.0
6.0
6.0
6.5
6.0
6.0
5.5
6.0
7.0
6.0
6.0
4.4
0.0
4.6
6.0
6.0
6.0
6.0
6.0
6.0
1.5
6.1
6.0
4.5
6.0
-5.333333333333333
-6.0
6.0
6.0
5.0
4.0
6.0
4.0
6.0
6.0
-6.0
6.0
0.25
5.5
6.75
-1.0
6.0
-10.0
-6.0
6.666666666666667
6.0
6.0
8.0
6.0
6.0
-6.0
-4.6
-6.0
6.0
-2.8
5.76
7.5
8.0
9.0
5.333333333333333
-6.213333333333334
6.0
2.5714285714285716
6.0
6.0
-4.0
6.0
5.0
-4.0
5.5
8.0
2.6666666666666665
6.5
6.0
6.0
8.0
6.0
6.0
4.0
8.639999999999999
2.0
-4.0
4.666666666666667
6.0
3.142857142857143
-2.5599999999999996
-8.0
-6.0
10.0
6.0
6.0
-2.0
6.0
6.0
-5.25
6.0
0.0
-6.4
-6.0
-4.0
6.0
-4.0
0.0
3.4072727272727277
4.0
6.0
5.0
6.0
-8.639999999999999
6.0
6.0
6.0
4.0
9.0
12.0
4.0
4.0
-6.0
-6.0
1.6
7.0
4.0
6.0
6.0
0.0
4.0
6.0
0.0
7.0
8.0
7.0
0.0
6.0
6.666666666666667
0.0
6.0
0.0
6.0
6.0
6.0
6.0
6.0
6.0
6.0
2.0
6.0
6.0
3.0
-6.0
2.0
6.0
8.0
-6.0
6.0
6.5
-4.0
4.0
6.0
-6.0
-6.0
6.0
4.0
6.0
-6.0
4.0
1.4
6.0
8.399999999999999
-0.6666666666666666
4.0
6.0
6.0
-2.6666666666666665
-6.0
-6.0
-4.533333333333333
-6.0
-6.0
4.0
4.0
6.0
-6.0
4.0
-2.5
-6.0
4.0
6.0
4.8
5.0
4.4
-6.0
5.866666666666667
-0.16666666666666666
3.0285714285714285
-7.5
4.0
7.0
4.0
1.3333333333333333
6.0
6.0
5.0
4.666666666666667
8.0
4.0
4.0
5.5
6.0
-8.0
6.0
-8.0
-8.0
-1.0
6.5
6.0
8.0
6.0
10.0
1.8
6.0
-8.0
2.6666666666666665
6.4
4.800000000000001
7.0
6.0
-10.0
-4.0
-3.9000000000000004
-4.7
6.0
-5.6
6.0
1.0
1.5
0.0
-6.0
0.0
1.0
6.0
2.0
2.6666666666666665
6.0
0.0
-4.666666666666667
-6.0
-7.666666666666667
0.3333333333333333
2.5
-2.0
8.0
-1.3333333333333333
-6.0
9.0
10.0
-2.75
6.0
6.0
1.0
5.5
-6.0
-4.0
6.0
-7.2
3.8400000000000007
8.0
0.0
-6.0
6.0
6.0
9.0
6.0
6.0
-12.0
-6.0
8.0
6.0
6.0
6.0
6.0
0.0
6.0
6.0
6.0
6.0
8.0
6.0
6.0
7.5
4.0
6.0
4.0
6.0
6.0
1.3333333333333333
6.0
6.0
6.0
6.0
4.0
6.0
6.0
-6.0
8.0
6.0
-6.0
4.0
6.0
6.0
6.0
2.0
6.0
-6.0
4.0
8.0
6.0
6.0
6.0
6.0
9.0
4.0
6.0
-6.0
-3.2
6.0
7.0
-4.0
6.0
6.0
1.5
6.0
-6.0
6.0
6.0
6.0
2.0
4.666666666666667
4.666666666666667
4.0
-5.0
4.0
6.0
6.0
4.0
6.0
-6.0
-1.8
6.0
6.0
6.0
-1.0
16.0
6.0
6.0
6.0
-1.0
6.0
-6.0
-4.0
4.0
6.0
-8.0
4.0
2.0
6.0
-6.222222222222222
2.0
4.0
-6.0
6.0
-6.0
6.0
-6.666666666666667
-4.0
6.0
1.0
6.0
1.8000000000000007
6.0
4.0
-4.0
-8.0
-8.0
1.0
0.6666666666666666
0.0
4.3076923076923075
6.0
4.0
-4.0
6.0
-6.0
-1.3333333333333333
4.666666666666667
6.0
-6.0
-17.279999999999998
0.0
-6.0
6.0
-6.0
6.0
6.0
2.6666666666666665
5.333333333333333
4.0
3.2
4.0
-5.0
0.19999999999999987
6.0
4.0
4.0
-6.0
9.0
6.0
6.0
3.4000000000000004
6.0
-2.6666666666666665
6.0
6.0
6.5
6.0
8.0
16.0
8.0
6.0
4.0
4.0
8.0
8.0
6.666666666666667
6.0
4.0
6.0
12.0
6.0
5.333333333333333
8.0
8.0
6.0
6.0
6.0
12.0
12.0
4.0
12.0
6.0
6.666666666666667
10.5
6.0
5.666666666666667
7.0
6.0
8.0
7.0
10.5
7.0
8.0
0.0
6.333333333333333
7.0
7.0
6.0
11.52
4.0
6.0
6.0
-6.0
6.333333333333333
6.0
6.0
6.0
-6.0
6.0
6.0
-6.666666666666667
6.0
6.0
-6.0
6.0
6.0
-0.8499999999999999
8.0
6.0
10.799999999999999
-6.0
-6.0
-6.0
4.0
3.8
-6.0
6.0
-4.0
1.5
-6.0
8.0
-6.0
4.0
-6.0
-6.0
-6.0
2.6666666666666665
8.0
4.0
-6.0
-1.6
-6.0
-6.0
6.0
6.666666666666667
2.4
-6.0
-1.0
-6.0
6.0
-4.8
-8.0
-9.0
-6.0
-6.0
6.0
-6.0
-6.0
-7.199999999999999
6.0
4.0
6.0
-3.2
6.0
4.0
5.333333333333333
-6.0
-8.0
7.199999999999999
6.0
6.0
-2.0
12.0
6.0
6.0
6.0
-6.0
-6.0
-4.0
2.0
-3.3333333333333335
-1.0
6.0
6.0
8.0
-0.6666666666666666
2.0
0.6666666666666666
9.0
-3.0
8.0
5.333333333333333
6.0
-8.0
4.0
-6.6
-6.0
4.0
-4.0
-6.0
-8.0
-8.0
6.0
4.0
-6.0
-5.0
4.0
4.0
-4.0
4.0
1.0
8.0
6.0
6.0
-6.0
8.0
6.0
-6.0
6.0
0.40000000000000036
7.5
-6.0
6.0
7.44
6.0
6.0
6.0
32.0
6.0
6.0
-6.0
6.0
1.0
6.0
1.0
8.8
-5.0
12.0
12.0
6.0
6.0
-4.0
-4.0
-6.0
6.0
-6.0
4.0
-6.0
6.0
-3.0
4.0
6.0
-6.4
-6.0
-1.0
10.0
-0.8
4.0
6.0
7.199999999999999
4.0
6.0
-8.0
-0.40000000000000036
12.0
4.0
-6.0
-6.0
-4.0
2.0
10.0
4.0
1.0
-4.0
-4.0
6.0
8.0
6.0
-12.0
9.0
12.0
6.0
5.0
6.0
8.0
6.0
7.5
-7.0
-6.666666666666667
6.0
-4.0
7.0
6.0
7.0
6.0
6.0
-2.0
6.0
4.0
-6.0
-6.0
2.0
-6.0
6.0
8.0
6.0
8.0
6.0
8.0
6.0
6.0
9.0
12.0
6.0
6.0
6.0
6.0
6.0
6.0
-3.3333333333333335
6.0
1.0
-4.4
-6.0
-12.0
-6.0
-6.0
4.0
-6.0
0.5
-8.0
6.0
-2.0
6.3999999999999995
6.0
6.0
1.0
6.0
6.0
-4.0
8.0
6.0
-1.0
8.0
-4.0
-9.0
2.5714285714285716
6.0
6.0
3.733333333333333
-8.0
7.0
6.0
6.0
0.8
6.0
-2.7
6.0
-1.3333333333333333
6.0
2.6666666666666665
-6.0
4.0
-4.666666666666667
6.0
-3.6
6.0
8.0
4.0
0.6666666666666666
-4.0
-2.0
6.0
6.0
2.0
5.0
5.0
4.0
6.0
7.333333333333333
4.666666666666667
6.0
6.0
6.0
6.0
0.0
6.0
11.0
-12.0
6.0
7.0
6.0
6.0
3.2
6.0
6.0
6.0
4.666666666666667
6.0
-6.0
-3.5
6.0
4.0
-6.0
-4.4
-4.0
-0.5999999999999996
5.142857142857143
-6.4
6.0
6.0
6.0
5.0
6.0
2.0
6.0
6.0
8.0
4.0
6.0
-6.0
-8.0
-4.0
6.0
2.4
5.0
6.0
6.0
6.0
-2.0
8.0
-6.0
2.6666666666666665
6.0
15.0
8.0
6.0
-2.2399999999999998
-6.0
7.0
6.0
6.0
12.0
4.0
6.0
6.0
4.0
5.0
4.0
5.0
6.0
4.0
0.0
6.0
1.0
-6.0
-6.0
6.0
6.0
2.0
7.0
-0.5
6.0
0.0
-6.0
3.0
-2.0
6.0
6.0
-4.8
6.0
6.0
-5.0
-5.5
-4.5
-3.0599999999999996
-5.2
3.75
-6.0
8.0
2.0
8.0
-4.933333333333334
-6.0
0.6666666666666666
3.2
4.0
-4.5
-5.0
-6.0
4.0
-6.0
6.0
6.0
6.0
-6.0
-6.0
4.0
6.0
6.0
-6.0
-4.5
-4.0
6.0
0.0
7.199999999999999
6.0
6.0
6.0
6.0
4.0
-6.0
4.0
4.0
-4.0
-2.84
6.0
4.0
-4.800000000000001
-3.0
6.0
6.0
8.0
1.6
9.6
8.0
6.0
8.0
-4.375
-6.0
6.0
4.0
6.0
4.0
-6.0
6.0
-6.0
4.0
-6.0
6.0
0.8666666666666667
-6.0
-6.0
-5.0
-4.0
6.0
6.0
8.0
6.0
-6.0
-6.0
-1.0
-4.933333333333334
6.0
-4.375
-6.0
7.0
6.666666666666667
6.0
-6.0
4.0
8.0
5.333333333333333
6.0
6.0
4.0
5.0
6.0
2.3333333333333335
-4.933333333333334
6.0
6.0
6.0
6.0
6.0
-6.0
-2.0
-5.0
-4.0
6.0
2.6666666666666665
6.0
6.0
6.0
4.0
-8.0
5.333333333333333
6.0
6.0
6.0
4.0
-6.0
-1.2000000000000002
-2.0
8.0
4.0
0.0
0.0
-8.0
-8.0
-5.0
5.5
4.0
-6.0
-6.0
-4.0
-4.0
8.0
6.0
4.857142857142857
-4.0
4.0
-5.0
4.0
6.0
-5.0
2.0
1.3333333333333333
6.0
6.0
4.0
-1.0
6.0
6.0
6.0
2.0
-8.0
6.0
4.0
4.4
6.0
5.0
8.0
6.0
2.0
6.0
-6.0
6.0
6.0
6.5
-8.0
6.0
6.0
4.0
8.0
6.333333333333333
-2.0
6.0
-5.4
6.0
2.0
6.0
9.0
8.0
-6.0
6.0
6.0
6.0
-6.0
6.0
-6.0
6.0
-6.0
8.0
-6.0
-9.6
-2.0
4.0
10.0
6.0
6.0
-10.0
-6.0
-3.0
-9.0
4.0
8.0
8.0
7.0
6.0
6.0
8.0
4.5
-0.8888888888888888
6.0
6.0
5.0
6.0
6.0
6.0
8.5
6.0
6.0
5.0
5.0
6.4
6.0
6.0
6.0
6.0
6.0
6.0
-0.8888888888888888
-4.0
-6.0
4.0
2.0
2.6666666666666665
-6.0
-1.0
12.0
4.0
0.0
4.0
-6.0
8.0
4.0
-3.6666666666666665
5.0
6.0
-6.0
-2.6666666666666665
2.0
6.0
1.0
-12.0
-6.0
6.0
-6.0
6.0
4.0
4.0
-6.0
8.0
0.0
-10.0
22.5
-4.0
-6.533333333333334
-6.05
4.0
-1.0
6.0
-1.0
4.0
-6.0
6.0
6.0
-6.0
6.0
-8.0
6.0
-14.399999999999999
3.6
-4.800000000000001
6.333333333333333
-2.0
6.0
4.0
-6.0
-6.0
-0.6000000000000001
6.0
6.0
7.0
9.0
6.0
6.0
7.0
6.0
4.0
4.0
6.0
4.0
-6.0
-6.0
6.0
6.0
-6.0
8.0
0.0
-6.0
6.0
2.0
6.0
2.0
6.0
-1.0
4.0
2.0
6.0
-6.0
1.0
-6.0
-6.0
-5.0
6.0
-4.266666666666667
-6.0
-6.0
7.0
-4.933333333333334
12.0
9.0
12.0
-6.0
-6.0
6.0
-4.0
-6.0
5.4
6.0
-8.0
6.0
-4.0
6.0
-4.800000000000001
7.0
6.0
3.2
-4.0
6.0
-4.0
9.0
9.0
-8.0
-8.0
1.5
6.0
-5.0
4.0
-3.2
6.0
6.0
6.0
1.3333333333333333
4.0
-8.0
-1.0
6.666666666666667
-8.0
6.5
-2.0
10.0
6.0
-6.0
6.0
-4.0
-3.92
-4.0
10.0
6.0
6.0
5.0
6.0
6.0
8.0
6.0
6.0
6.0
3.0
6.0
4.4
6.0
4.0
5.0
6.0
6.8
6.0
7.5
7.0
7.0
6.0
2.0
-4.0
6.0
-4.0
6.0
6.0
6.0
6.0
4.0
6.0
6.0
9.6
6.0
6.0
6.0
6.0
6.0
6.0
-6.0
7.0
4.571428571428571
4.0
