！！！！！！！！！！03埖！！！！！！！！！！
4.0
-5.0
6.0
5.0
6.0
6.0
6.0
6.0
5.0
6.0
9.666666666666666
6.0
5.6
5.5
7.5
7.199999999999999
6.0
8.0
-7.0
4.0
2.5
-2.3333333333333335
8.0
-2.0
-6.0
7.0
1.2
-12.0
0.5999999999999996
7.0
2.2857142857142856
6.444444444444445
4.0
4.0
6.0
6.0
-6.666666666666667
6.0
6.0
6.0
-6.0
6.0
-2.0
-10.0
-2.0
1.0
10.0
-4.0
-10.0
4.0
4.666666666666667
-4.0
0.0
4.0
-1.6666666666666667
6.0
6.0
6.0
6.0
-6.0
-4.0
-6.0
-1.0
-6.0
-2.0
-4.0
8.0
-8.0
-2.0
4.0
6.0
-8.0
0.0
-7.0
-4.0
6.0
2.0
0.0
6.0
7.0
-6.0
4.0
-6.0
4.0
-4.0
-4.0
8.0
-6.0
-7.0
6.0
-15.0
2.0
4.0
4.0
-1.0
-7.68
2.0
-4.0
-6.0
-6.0
4.0
4.4
-6.0
8.0
4.0
4.666666666666667
-6.0
6.0
3.0
-6.0
-6.0
4.800000000000001
-6.0
-6.0
6.0
4.4
-4.0
-4.0
-8.0
-4.0
4.0
-6.0
5.0
4.0
-2.4
5.0
-6.0
6.0
2.0
4.0
-3.6
4.0
4.0
-6.0
-6.0
7.0
-4.0
0.8
-1.3333333333333333
6.0
1.7999999999999998
0.0
-7.066666666666666
3.0
8.0
10.0
6.0
6.75
-4.800000000000001
-6.0
4.0
-2.0
6.0
4.0
4.0
-5.0
6.0
6.0
8.0
6.0
6.0
9.0
6.0
-6.0
4.0
6.0
4.0
6.0
6.0
6.666666666666667
7.0
6.0
7.0
7.0
10.0
6.0
6.8
6.0
10.5
4.0
5.5
8.0
21.0
2.0
4.0
-6.0
-6.0
-5.4
-5.5
-6.0
4.0
6.0
6.0
2.0
10.0
3.9000000000000004
4.0
-6.0
2.25
-1.0
-6.0
6.0
-6.0
6.0
-4.8
-2.0
-6.0
-4.0
-7.0
-6.0
7.0
-6.0
-8.0
6.0
4.0
-5.0
-6.0
6.0
-6.0
3.6
-5.0
-0.2857142857142857
6.0
6.0
8.0
6.0
-6.0
6.0
6.0
6.0
-15.0
5.0
10.5
9.0
6.0
5.333333333333333
6.0
-2.8000000000000007
6.0
-2.8000000000000007
-6.0
-6.0
4.0
-2.8000000000000007
4.0
-6.0
-6.6
-5.0
-16.0
-5.5
-6.0
-1.6666666666666667
-6.0
-12.0
-5.333333333333333
-6.0
1.6000000000000003
-6.0
4.0
8.0
-4.0
-10.0
6.0
-2.0
-2.8000000000000007
8.0
4.0
8.0
-8.0
8.0
-3.1333333333333333
4.0
3.0
-3.1333333333333333
0.0
5.333333333333333
4.0
8.0
6.0
-6.0
-6.0
-4.666666666666667
9.6
6.0
-2.0
8.0
2.5
-4.0
4.0
-5.333333333333333
32.0
-8.0
6.0
5.333333333333333
-5.0
-6.0
4.0
-6.0
-6.0
-6.0
-6.0
-1.3333333333333333
-2.6666666666666665
-4.6
-1.0
-1.4
-1.5999999999999999
-1.3333333333333333
7.0
8.0
8.0
6.0
-8.0
-4.0
7.0
-6.0
6.0
-7.0
8.0
4.0
8.0
2.0
6.0
10.0
5.0
-5.066666666666666
3.6
6.0
-4.0
6.666666666666667
4.4
-6.0
6.0
-6.0
5.0
0.2666666666666669
-6.0
-2.8000000000000007
4.05
1.0
6.0
-4.0
-7.199999999999999
-6.666666666666667
-3.1666666666666665
-1.6000000000000003
9.0
6.0
-1.5
2.3333333333333335
5.0
-0.5999999999999996
5.0
7.0
-6.0
6.0
-5.333333333333333
-6.0
8.0
-2.0
3.3333333333333335
6.0
6.0
2.6666666666666665
2.0
4.0
-5.0
-6.0
-2.0
-4.0
-1.3333333333333333
8.0
-6.0
6.0
-4.666666666666667
-6.800000000000001
-4.88
-6.0
-4.0
8.0
-4.0
8.0
-2.0
4.0
-4.0
7.0
6.0
2.0
-3.0
4.0
7.0
1.0999999999999996
6.0
6.0
0.0
9.0
8.0
8.0
9.0
6.666666666666667
6.0
6.0
8.0
6.0
7.0
6.0
8.0
7.0
7.0
7.0
10.0
7.0
8.0
9.0
6.0
6.0
10.0
6.0
7.0
6.16
-6.0
9.0
8.0
1.6
-4.0
-7.0
-1.0
8.0
-4.0
4.0
7.0
-6.0
4.0
-2.8000000000000007
4.0
3.6
-8.0
7.0
-5.6000000000000005
5.0
4.0
4.0
-6.0
0.0
-1.0
-6.0
5.0
-0.05777777777777793
-6.0
4.0
-6.0
-6.0
-7.0
-6.0
3.5
1.0
-8.0
-6.0
-4.571428571428571
6.6
3.5
-6.0
5.166666666666667
8.639999999999999
0.3999999999999999
8.0
-8.0
-6.133333333333333
0.0
-6.0
-6.0
-6.0
-6.0
4.0
-5.333333333333333
-4.533333333333333
9.0
-4.0
8.0
4.0
6.0
4.3
4.0
-2.0
-3.2
5.0
5.0
-6.0
9.0
8.0
-4.0
10.0
-8.0
6.0
2.0
3.0
6.0
-4.0
5.0
0.39999999999999974
-8.0
6.0
1.0
6.0
6.0
6.0
-5.0
-6.0
-4.0
4.933333333333334
-1.0
6.0
1.9000000000000004
-5.333333333333333
6.0
-6.0
-6.0
6.0
-0.5999999999999996
6.0
6.0
9.0
6.0
-2.0
10.0
0.9333333333333336
-5.0
-2.0
-8.0
9.0
8.0
4.0
4.0
4.0
7.5
6.0
-2.0
6.0
4.0
-4.0
0.0
4.0
-2.0
4.0
0.5
4.0
-1.3333333333333333
-2.3333333333333335
-1.5
-4.0
-4.0
-11.0
5.0
-4.266666666666667
4.0
6.0
-1.6666666666666667
-6.0
2.75
8.0
-6.0
6.0
6.0
12.0
6.0
6.0
0.0
-3.466666666666667
6.0
-4.0
6.0
6.0
4.0
4.0
4.0
2.0
-10.0
2.0
-4.0
-6.0
-6.0
6.8
-2.0
2.0
12.0
8.0
6.0
-8.0
8.0
4.0
6.0
10.799999999999999
-1.0
-6.0
-6.0
-6.0
-3.3
-1.3333333333333333
-6.0
-6.0
！！！！！！！！！！02埖！！！！！！！！！！
4.933333333333334
4.0
-7.0
-6.0
-6.0
-3.6
6.0
6.0
7.0
4.0
2.0
-6.0
-6.0
6.0
-6.0
-6.0
-6.0
0.0
2.0
0.0
6.0
6.16
6.0
8.0
6.16
6.0
6.0
6.0
-6.0
-4.0
-6.0
4.0
-6.0
4.0
4.0
8.0
6.0
3.5999999999999996
-4.0
6.666666666666667
-6.0
4.0
8.0
8.0
-6.0
12.0
7.0
6.0
4.0
-6.0
-4.0
-6.0
0.0
0.0
-6.0
8.0
5.0
-5.333333333333333
-5.5
-4.800000000000001
-2.0
6.0
-2.0
10.0
4.800000000000001
8.0
5.333333333333333
0.0
-6.0
-2.0
6.16
-6.0
-5.0
-6.0
-9.75
-6.0
-5.0
4.8
-1.0
-2.0
-6.0
6.0
10.0
-1.0
-4.0
-6.0
-5.0
4.0
-6.0
-6.0
-6.0
-5.0
10.0
1.0
2.0
-4.0
-8.0
-6.0
-6.0
-2.0
12.0
-4.0
-8.0
-3.6
4.0
-4.0
-10.0
-6.0
-6.0
-7.199999999999999
-1.0
6.0
-8.0
-8.0
2.42
4.0
-6.0
-4.0
6.0
-1.3333333333333333
-1.0
-6.0
-4.0
6.4
-8.0
2.5600000000000005
-2.0
0.0
-8.0
-6.0
-18.900000000000002
4.0
-8.0
-5.0
7.533333333333334
-7.0
10.0
6.0
-8.0
5.0
-8.0
-6.0
-8.0
-6.0
-6.0
-4.0
8.0
8.0
-4.0
7.0
-8.0
7.0
4.0
0.0
0.0
-2.8
-8.0
-6.0
4.0
4.0
0.0
4.666666666666667
8.0
-6.0
-6.0
-6.0
-8.0
4.0
-5.0
8.0
8.0
-6.0
6.0
2.0
2.0
-6.0
8.0
-9.0
6.0
8.0
1.5
4.0
-6.0
0.8
6.0
-8.0
-5.0
-6.0
-2.6666666666666665
-6.0
6.0
6.0
-9.0
-6.0
1.0
6.0
2.0
6.555555555555555
5.333333333333333
6.0
6.0
8.0
-6.0
6.0
6.0
4.0
2.0
6.0
-2.0
7.0
8.0
-6.0
6.0
6.0
6.0
-7.199999999999999
6.0
5.333333333333333
6.0
1.2000000000000004
-6.0
6.0
6.0
8.0
-1.5999999999999996
-1.4
6.0
8.0
-6.0
-1.0
8.0
-1.0
-6.0
-1.5999999999999996
8.0
10.0
6.0
-1.0
6.0
7.0
6.0
5.0
4.0
8.0
-6.0
4.0
4.0
4.0
4.0
-1.0
-1.0
6.0
2.0
4.0
5.733333333333333
-6.0
6.0
6.0
-14.399999999999999
-8.0
6.0
8.0
6.0
7.0
6.0
6.25
2.0
4.0
8.639999999999999
8.0
-10.0
-4.0
6.0
-6.0
-6.0
-4.92
4.666666666666667
-7.199999999999999
-4.4
-6.0
-6.0
-6.0
-8.0
6.0
4.0
-3.2571428571428576
6.0
6.0
7.333333333333333
-8.0
-6.0
-4.0
8.0
-6.0
7.0
-5.333333333333333
6.3999999999999995
-6.0
6.0
-6.0
-6.0
-6.0
-6.0
-5.0
6.0
6.0
4.0
8.4
-6.0
6.666666666666667
4.0
-6.0
-6.0
0.4
-8.0
-4.0
-6.0
-7.2
6.0
6.0
6.0
4.0
5.0
6.0
-8.0
-6.0
-3.3333333333333335
5.0
6.0
-6.0
-6.0
4.0
-4.0
0.4
7.199999999999999
-8.0
-1.0
8.0
5.2727272727272725
6.0
1.0
4.0
6.0
6.0
1.0
6.8
4.0
-7.199999999999999
-6.3
6.0
-6.0
-2.6399999999999997
-6.0
-6.912
-4.0
-4.0
7.0
1.0
5.0
10.0
-6.0
-6.0
-4.666666666666667
-2.0
8.0
10.0
6.0
6.0
4.0
6.0
-6.0
-4.800000000000001
-4.0
6.0
4.0
6.0
-6.333333333333333
-6.0
-4.0
2.6666666666666665
-4.0
-1.3333333333333333
4.0
6.0
-6.0
6.2
-5.0
5.0
7.0
-6.0
-2.0
5.0
8.0
4.0
10.0
5.0
8.0
-6.0
-8.639999999999999
-5.333333333333333
-4.0
6.0
6.0
8.0
-2.0
4.0
6.0
4.0
0.5600000000000002
-8.0
-4.0
6.0
-4.0
6.0
8.0
6.0
-6.0
1.1
-4.0
6.0
5.0
6.0
5.0
6.0
1.5
-6.0
-2.5
10.0
-6.0
4.0
1.5
-4.800000000000001
-4.800000000000001
-1.6666666666666667
5.0
-5.0
6.0
-6.0
-8.0
4.0
6.0
8.0
-5.0
-6.0
4.0
-8.0
-4.0
-12.0
1.5
4.0
-1.3333333333333333
6.0
4.0
-1.6666666666666667
8.0
6.0
4.0
5.6000000000000005
8.0
8.0
-5.0
6.0
6.0
-2.08
6.0
-0.1200000000000001
-0.40000000000000036
-6.0
8.0
8.0
-7.5
4.0
-1.0
4.0
4.0
0.0
2.0
8.0
6.0
0.6666666666666666
-4.0
4.0
-6.0
4.0
4.0
4.0
1.5
4.0
-3.8
10.0
6.0
10.0
8.0
-8.0
-2.25
-6.0
-3.8
8.0
12.0
-8.0
6.6
6.0
6.0
3.6666666666666665
8.0
-4.0
8.0
3.3333333333333335
-6.0
-6.0
7.333333333333333
6.0
2.0
4.0
-4.800000000000001
5.333333333333333
4.0
8.0
6.0
-6.0
5.0
0.0
1.0
-6.0
4.0
4.0
2.8
1.25
6.0
8.0
6.0
-7.199999999999999
-4.0
-8.0
-1.0
6.0
-4.0
-8.0
6.0
0.0
-4.0
-1.3333333333333333
4.0
-4.0
6.0
16.0
4.0
-1.0
2.0
8.0
5.0
5.0
-6.0
-4.0
6.0
-6.0
-6.0
-6.0
-6.0
-12.0
-6.0
-6.0
6.0
-6.0
-2.0
1.0
4.0
4.0
-4.8
-6.0
-6.213333333333334
6.0
-6.0
-6.0
-8.0
-1.0
-3.7454545454545456
-8.0
-6.0
-6.0
5.0
8.0
5.0
-6.0
-6.0
-6.0
5.0
6.0
-2.3333333333333335
-6.0
-6.0
-8.0
-8.0
2.0
-6.0
-7.0
-6.0
-2.0
-6.0
-6.0
-6.0
-6.0
-6.0
6.0
3.0
-10.0
-8.0
-6.0
-4.0
-5.5
-6.0
6.0
6.0
-6.0
4.0
-12.0
6.0
-8.0
-8.0
2.0
-6.0
-6.0
8.0
-6.0
6.0
3.2
-6.0
-6.0
-8.0
-6.0
-8.0
-6.0
6.0
-6.0
-6.0
-7.8
-9.0
-6.0
-6.0
5.0
-6.0
-6.0
5.5
-6.0
-1.6
6.0
-6.0
-6.0
-4.0
6.0
5.0
-6.0
1.0
-6.0
8.0
-5.0
6.0
-6.0
6.333333333333333
-4.0
-6.0
1.3333333333333333
-1.0
8.0
-0.5999999999999996
-2.0
4.666666666666667
4.0
-5.0
-5.5
-6.0
-2.0
1.3333333333333333
10.0
-8.0
-6.0
-4.0
-8.0
-4.0
-2.0
-1.6000000000000003
-12.0
0.0
2.0
7.0
8.0
6.0
-6.0
-6.0
-4.0
-4.0
-6.0
6.0
-3.0
-3.8
