！！！！！！！！！！06埖！！！！！！！！！！
6.0
6.0
6.0
6.0
6.0
-8.0
6.0
6.0
6.0
6.0
-6.0
-2.857142857142857
6.0
6.0
-5.4
6.0
6.0
6.0
6.0
6.0
6.0
-2.0
6.0
6.0
6.0
6.0
6.0
6.0
6.0
6.0
6.0
6.0
6.0
-6.0
4.0
6.0
6.0
-6.0
-6.0
6.0
5.0
6.0
6.0
1.0
6.0
6.0
4.0
6.0
-6.0
-6.0
6.0
4.0
6.0
6.0
6.0
8.0
6.0
-6.0
6.0
-6.0
6.0
6.0
-6.0
6.0
-2.857142857142857
4.0
6.0
6.0
6.0
-6.0
-5.0
6.0
6.0
6.0
6.0
6.0
2.0
6.0
6.0
-6.0
6.0
6.0
6.0
-4.0
6.0
6.0
6.0
6.0
-6.0
6.0
6.0
4.666666666666667
6.0
-6.0
6.0
7.5
6.0
6.0
6.0
6.0
6.0
6.0
6.0
6.6
6.0
6.0
6.0
4.0
-6.0
-1.0
-6.0
6.0
7.0
-6.0
-8.0
6.0
6.0
4.0
6.0
6.0
6.0
4.0
0.0
-6.0
6.0
6.0
6.0
6.0
1.0
6.0
-6.0
4.0
-5.333333333333333
4.0
6.0
-6.0
6.0
6.0
-3.6
-6.0
-4.8
6.0
-2.0
7.0
0.0
4.0
-8.0
4.0
-6.0
-6.0
6.0
-4.285714285714286
4.0
-4.0
6.0
4.0
6.0
6.0
6.0
6.0
6.0
6.0
2.0
4.0
-7.0
-6.0
-6.0
6.0
-1.0
-4.0
-6.0
2.6666666666666665
4.0
-2.0
4.0
8.0
-4.800000000000001
-6.0
4.0
-6.0
4.0
-2.625
6.0
-3.6
-3.5
-4.0
4.0
0.0
-9.0
-8.0
0.0
-8.0
6.0
8.0
6.0
0.0
6.0
8.0
-6.0
0.2999999999999998
-6.6
7.0
-6.0
1.3333333333333333
6.0
6.0
8.0
-5.0
-6.0
-2.0
-6.0
-6.0
-6.0
-5.0
-6.0
-6.0
0.0
6.5
-6.0
6.0
-8.0
-8.0
-4.0
-7.0
6.0
6.0
4.0
-4.0
6.0
-3.2
-3.6
6.0
-6.0
-8.0
-6.0
-6.0
-4.0
10.0
6.0
-6.0
4.0
-6.0
8.0
-6.0
8.0
-6.0
6.0
-6.0
4.0
-8.0
4.0
-6.0
8.0
-8.0
-1.3333333333333333
-6.0
1.0
2.0
6.0
-2.0
6.0
4.0
3.0
4.0
6.0
6.0
6.0
-2.857142857142857
3.0
4.0
4.0
6.0
6.0
6.0
-3.3333333333333335
6.0
6.0
-6.0
-1.3333333333333333
6.0
2.0
-6.0
4.0
-9.0
10.0
-6.0
-4.0
1.0
0.0
4.0
-6.0
2.0
6.0
-6.0
0.0
6.0
6.0
-6.0
6.0
6.0
6.0
3.0
6.0
6.0
6.0
-8.0
6.0
-5.304
-2.857142857142857
6.0
6.0
-1.0
5.6
6.0
6.0
-6.0
6.0
-6.0
-6.0
0.20000000000000018
4.0
-2.857142857142857
6.0
4.800000000000001
4.0
6.0
-4.0
6.0
6.0
-6.0
4.0
-1.0
6.0
6.0
6.0
-2.3333333333333335
6.0
-6.0
6.0
6.0
6.0
6.0
-5.0
-4.0
-6.0
4.0
-2.857142857142857
-5.0
-6.0
6.0
-6.0
-2.857142857142857
-6.0
-4.0
-6.0
-6.0
8.0
3.2
-6.0
6.0
-6.0
6.0
-6.0
-8.0
-8.1
6.0
-2.0
-2.0
1.0
-6.0
-6.0
-12.0
12.0
2.0
-6.0
8.0
-7.0
-2.3333333333333335
-6.0
4.0
6.0
-4.0
-2.6666666666666665
4.0
-3.6
-6.0
-6.0
-6.0
-16.0
5.0
5.0
6.0
8.0
-4.0
4.0
-7.8
6.0
4.0
1.0
7.4
-6.0
-6.0
6.0
-1.0
4.0
0.0
-4.0
-6.0
4.0
6.912
-5.4
-5.0
-9.0
-6.0
1.0
7.0
6.0
-4.0
-4.0
-4.0
-6.0
5.4
-7.0
-6.0
-1.0
5.0
-15.0
4.0
0.5999999999999996
-6.0
4.0
-6.0
-6.0
6.0
-6.0
6.0
4.0
6.0
6.0
6.0
-4.0
6.0
0.0
6.0
6.0
6.0
5.0
4.666666666666667
6.0
6.0
6.0
-6.0
6.0
0.0
6.0
2.0
-2.6666666666666665
-2.5714285714285716
-6.0
-6.0
0.0
-6.0
-6.0
-1.6
0.0
6.0
-4.0
6.0
-6.0
6.0
6.0
6.0
-6.0
-6.0
6.0
-6.0
-6.0
-4.800000000000001
0.0
6.0
-6.0
1.0
1.0
-6.0
4.0
-6.0
0.0
2.3333333333333335
6.0
6.0
7.2
-8.666666666666666
6.0
-8.0
-4.0
-4.257142857142857
2.5
-1.0
4.0
-2.2
-6.0
-6.0
-5.8
-3.2
-6.0
8.666666666666666
0.0
-4.4
1.2000000000000002
-4.0
-4.0
6.0
-4.0
3.5
-6.0
-1.0
6.0
-6.0
-7.0
-6.0
-6.0
-4.0
4.0
1.0
-6.0
-6.0
-6.0
-6.0
-4.0
5.0
-4.0
-6.0
0.39999999999999974
4.0
2.0
-4.0
-4.8
-2.0
11.0
-1.0
-6.0
6.0
6.0
-6.0
-6.0
-6.0
-3.0
-8.0
-6.0
-6.0
-6.0
6.0
-6.0
-6.0
6.0
4.0
-6.0
6.0
6.0
-1.6
4.666666666666667
-6.0
-6.0
6.0
-6.0
-8.0
4.0
-6.0
5.0
6.0
6.0
-6.959999999999999
-6.0
-2.0
-8.0
6.0
6.0
-6.0
-6.0
-6.0
-4.0
-6.0
7.0
-6.0
5.6
-6.0
0.8
2.0
-5.0
-6.0
-4.0
1.0
-4.0
6.0
-2.0
6.0
4.0
6.0
-6.0
4.800000000000001
6.0
6.0
-6.0
6.0
5.76
6.0
-6.0
-2.3333333333333335
-6.0
-3.2
6.0
12.0
8.0
6.0
4.0
2.4
8.0
2.0
6.0
-2.0
6.0
5.0
-4.0
6.0
0.5999999999999996
8.0
4.8
3.0
6.0
-6.0
6.0
-6.0
-6.0
4.0
8.0
4.0
4.0
6.0
6.0
-6.0
6.0
6.0
6.0
10.0
-1.3333333333333333
6.0
6.0
6.0
6.0
6.0
6.0
2.0
6.0
6.0
-4.8
5.0
6.0
6.0
6.0
6.0
6.0
6.0
6.0
-6.0
-6.0
2.4
6.0
6.0
6.0
6.0
4.0
4.0
4.0
1.0
-6.0
-6.0
12.0
6.0
7.0
4.0
-0.6
9.0
7.333333333333333
4.0
-4.0
9.5
4.0
-1.0
7.199999999999999
8.0
7.199999999999999
4.0
8.5
8.0
10.0
4.666666666666667
4.0
6.0
12.0
6.0
-6.0
4.0
6.0
1.0
1.3333333333333333
-6.0
-6.0
-6.0
4.0
-6.0
-8.0
6.0
-6.0
4.0
6.0
4.0
4.0
-6.0
-1.0
-6.0
-6.0
-6.0
-6.0
8.0
6.0
-4.0
4.0
6.0
6.0
6.0
6.0
-6.0
1.5
-4.0
-1.6
-6.0
6.0
-6.0
4.0
！！！！！！！！！！05埖！！！！！！！！！！
9.0
18.0
6.0
4.0
4.0
4.0
-8.0
-8.0
-8.0
-2.0
-8.0
10.0
0.0
-3.2
-8.0
-4.0
9.6
-2.0
-6.0
6.0
-10.0
4.0
-6.0
-1.6
6.0
-6.0
-5.5
10.0
4.0
10.0
4.0
6.0
1.0
-6.0
-2.3333333333333335
10.0
-5.5
-6.0
6.0
6.0
4.0
4.0
2.5
-6.0
6.0
0.0
6.0
-6.0
-3.6
-6.0
6.0
-6.0
1.0
6.0
6.0
6.0
6.0
6.0
6.0
4.0
9.0
4.0
4.333333333333333
5.0
8.0
6.0
4.0
4.0
6.0
8.5
6.0
10.0
6.0
10.799999999999999
6.0
6.0
6.0
6.0
6.0
6.0
0.4999999999999998
10.0
-1.6
-6.0
-6.0
6.0
-6.0
1.2266666666666666
4.0
8.0
3.2
6.0
6.0
4.0
4.0
-2.32
8.0
5.333333333333333
-6.0
10.0
7.6
10.639999999999999
1.0
-3.6
4.0
8.0
-5.6
4.0
7.199999999999999
7.0
-6.0
5.5
4.0
4.0
4.0
-6.0
-8.0
-6.0
-2.3333333333333335
-6.0
-5.0
0.0
6.0
0.0
6.0
6.0
6.0
6.0
6.0
-6.0
6.0
-6.0
6.0
4.0
-1.0
8.0
4.0
8.0
12.0
4.0
-6.0
-9.0
6.0
-4.0
4.8
-6.0
-1.6
9.0
-6.0
4.0
-6.0
-6.0
6.0
2.0
6.0
-5.0
6.0
-7.0
-7.5
6.0
6.0
6.0
-6.0
-3.2
-6.0
-6.0
-4.0
0.0
-7.199999999999999
6.0
6.0
6.0
-6.0
-6.0
-6.0
-6.0
-5.6
6.0
-1.6
-6.0
-2.857142857142857
-6.0
-6.0
4.0
6.0
4.0
3.3333333333333335
5.0
5.6
5.0
0.0
-6.0
-7.333333333333333
-0.3333333333333333
-6.0
2.0
6.0
-6.0
6.0
-6.0
-6.0
6.0
-6.0
-6.0
6.0
6.0
6.0
-4.0
6.0
10.0
5.333333333333333
-6.0
6.0
-6.0
-0.4
0.0
-6.0
-6.0
-6.0
6.0
4.0
-6.0
6.0
6.0
5.1
-6.0
-5.0
6.0
0.5
6.0
-6.0
4.0
-4.0
-8.0
0.0
-6.0
-6.0
-5.666666666666667
-6.0
-6.0
-6.0
-8.0
6.0
2.0
-5.0
-4.0
-6.0
-7.0
-6.0
-6.0
6.0
6.0
6.0
8.0
-8.639999999999999
6.0
6.0
0.0
6.0
4.0
6.0
-4.0
6.0
6.0
6.0
2.4
6.0
6.0
4.0
6.0
-3.5
6.0
6.0
4.0
4.0
6.0
0.0
-6.0
3.6
-6.0
-1.0
-6.0
4.0
-6.0
4.0
8.0
-2.857142857142857
-1.3333333333333333
-6.0
4.0
-6.0
6.0
6.0
6.0
-6.0
-6.0
6.0
4.0
6.0
6.0
-6.0
-1.3333333333333333
6.0
6.0
-6.0
6.0
6.0
10.0
6.0
-6.0
6.0
6.0
-6.0
-4.0
5.0
6.0
6.0
-5.5
6.0
-6.0
4.0
6.0
-6.0
-4.0
10.0
-8.0
4.0
3.3333333333333335
0.0
-6.0
-5.6
-6.0
4.800000000000001
6.0
-5.5
6.0
-6.0
-4.0
-5.5
5.5
-8.0
3.8400000000000007
6.0
2.0
-4.0
-6.0
-6.0
4.0
-5.6
6.0
-1.0
4.0
4.0
6.0
4.0
6.0
6.0
4.0
0.0
4.0
6.0
6.0
6.0
6.0
6.0
6.0
6.0
7.0
6.0
12.0
1.6
-6.0
6.0
7.0
-6.0
-6.0
6.0
4.0
-4.0
-6.0
6.0
4.0
8.0
-6.0
-6.0
4.0
-6.0
-6.0
4.0
-4.0
1.7999999999999998
4.0
6.0
-6.0
-4.0
0.0
-6.0
-6.0
6.0
-6.0
-3.6
-6.0
4.0
-6.0
-6.0
-4.0
-2.0
3.9
4.0
-5.0
4.0
4.0
-6.0
6.0
4.933333333333334
4.0
-4.0
6.0
-4.0
-6.0
6.0
-6.0
-6.0
-8.0
-1.3333333333333333
0.0
-3.3600000000000003
6.0
-6.0
-6.0
6.0
-6.0
-6.0
-6.0
-6.0
-6.0
-4.0
-3.2
6.0
-6.0
5.0
-6.0
9.0
-6.0
8.0
-6.0
-6.0
-6.0
1.6666666666666667
-6.0
10.799999999999999
-7.0
-6.0
-4.0
-4.0
-4.0
6.0
4.0
-6.0
-6.0
-6.0
-6.0
4.0
-6.0
-4.8
4.0
6.0
6.0
5.0
6.0
-4.0
6.0
2.0
6.0
6.0
6.0
-6.0
-6.0
6.0
-6.0
6.0
6.0
6.0
8.0
-3.4
4.0
1.3333333333333333
6.0
-6.0
6.0
6.0
-6.0
8.5
-6.0
6.0
-6.0
6.0
6.0
8.0
-6.0
6.0
-6.2
8.0
8.0
4.0
8.0
-6.0
8.0
4.0
-6.0
6.0
-5.333333333333333
-9.0
-6.0
6.0
-6.0
4.0
3.2
-6.0
4.0
6.0
-6.0
6.0
6.0
6.0
5.5
-6.0
-6.0
-8.0
-6.0
6.0
6.0
6.0
6.0
6.0
-6.0
4.0
-4.8
6.0
-4.0
16.0
6.0
-6.0
-6.0
7.333333333333333
-6.0
6.0
-4.0
6.0
-8.0
-4.0
6.0
6.0
4.0
6.0
2.5
-8.0
-6.0
6.0
4.0
6.0
3.0
-6.0
4.0
6.0
-6.0
6.0
-6.0
-6.0
6.0
-2.0
-6.0
-5.75
6.0
4.0
6.0
！！！！！！！！！！04埖！！！！！！！！！！
3.2000000000000006
1.3333333333333333
-6.0
-3.2
-6.0
6.0
5.066666666666666
4.0
