！！！！！！！！！！02埖！！！！！！！！！！
4.0
4.0
-4.0
6.0
4.0
4.0
-0.39999999999999974
0.0
-2.8
-4.0
-5.4
-8.0
6.0
-6.0
4.0
-5.0
7.333333333333333
6.0
1.0
7.0
6.0
8.0
-6.0
6.0
6.0
2.5
8.0
8.0
8.0
6.0
-8.0
5.0
5.0
6.0
5.0
6.0
4.0
4.0
8.0
5.0
8.0
6.0
7.0
8.0
6.666666666666667
7.333333333333333
7.0
5.0
3.3333333333333335
-4.68
8.0
-8.0
2.0
-6.0
-2.0
5.0
-6.0
8.0
-2.0
8.0
5.0
8.0
-8.0
8.0
3.3333333333333335
6.0
4.0
6.0
-5.733333333333333
6.0
8.0
-4.0
5.0
2.1333333333333333
-5.253333333333333
4.0
5.0
6.0
6.5
-6.0
-2.0
-1.6666666666666667
5.0
1.0
4.8
6.0
-6.0
-6.0
-6.0
-6.0
6.0
-9.0
1.3333333333333333
-6.0
-6.0
-8.0
8.0
0.0
2.0
8.0
5.0
-4.0
8.4
7.0
-5.4
5.0
6.0
12.0
8.0
-4.0
-4.0
0.0
1.3333333333333333
-8.5
-1.0
2.0
7.0
-2.0
15.0
0.0
7.903999999999999
6.0
5.0
5.0
6.0
5.0
-1.52
8.0
4.0
-4.0
4.0
6.0
0.0
5.0
-4.0
2.6666666666666665
-4.0
-7.199999999999999
9.0
-4.0
-1.0
1.5
-6.0
6.0
-6.0
-6.0
-6.0
-6.0
8.0
-2.5
7.6
2.0
2.8
6.0
8.0
-6.0
6.0
-4.0
-6.0
6.0
-1.0
-8.0
0.0
6.0
-8.0
8.0
-6.0
-6.0
8.0
2.7
-8.0
4.0
-1.0
2.0
-6.0
4.0
-7.0
2.3555555555555556
2.3555555555555556
6.0
-6.0
-8.0
-4.0
6.0
3.3333333333333335
6.0
-2.5
4.0
0.625
6.0
4.0
-6.0
3.733333333333333
-5.6000000000000005
4.0
6.0
-0.5
12.0
6.0
0.0
7.199999999999999
5.0
-1.2
4.333333333333333
4.666666666666667
8.0
6.0
7.0
-4.0
8.0
10.0
8.0
0.625
6.0
5.0
6.666666666666667
4.0
6.666666666666667
6.0
6.0
-6.0
4.0
8.0
2.0
12.0
6.0
-4.0
6.0
8.0
4.666666666666667
4.0
1.0
8.0
8.0
6.0
-6.0
6.0
8.0
5.0
2.0
4.0
-6.0
-6.0
8.1
8.0
16.0
-6.0
4.0
7.333333333333333
6.5
-6.0
8.0
6.5
-8.0
5.0
6.0
5.0
5.0
0.31999999999999995
8.0
8.0
8.0
8.0
1.0
-3.0
-2.6666666666666665
2.0
6.0
3.2
-0.6285714285714287
-6.0
-6.0
5.0
6.0
1.4
8.0
-4.0
10.0
-6.0
-6.0
-6.0
6.0
1.0
5.6000000000000005
-6.0
-6.0
-6.0
-6.0
-6.0
2.0
8.0
1.0
1.0
-6.0
-6.0
-4.0
-6.0
-6.0
-6.0
-6.0
-6.0
4.0
-6.0
4.0
-6.0
4.800000000000001
-2.2
-2.0
4.0
-6.0
4.4
1.0
-6.0
-3.0
4.0
-6.0
1.5
-2.7
-6.0
-6.0
-1.0
-6.0
-6.0
-0.3333333333333333
-4.0
4.800000000000001
12.0
6.0
0.0
-6.0
1.0
6.0
-6.666666666666667
4.0
-8.0
4.0
-2.6666666666666665
-6.0
-6.0
-6.0
-4.0
8.0
-9.0
8.0
7.0
-4.0
6.0
8.0
7.0
0.0
-4.0
-6.0
0.6666666666666666
1.3333333333333333
-7.0
-6.0
-1.0
-1.0
-6.0
1.0
-3.2
-6.0
-6.0
-5.0
-6.0
2.0
4.0
12.0
0.6000000000000001
7.0
-1.0
6.0
-8.0
-2.0
-4.0
6.0
6.0
-4.0
-6.0
7.2
7.5
-1.0
-8.76
-4.4
6.0
4.0
0.0
4.0
6.0
-10.0
-3.0
9.0
6.0
6.0
-7.0
-6.0
6.0
-4.0
9.0
5.333333333333333
9.0
8.0
-6.0
6.0
-4.0
6.0
6.0
0.2
5.6
6.0
7.0
6.0
4.0
6.0
2.0
-5.0
4.0
-7.0
-6.0
-6.0
-6.0
-6.0
-4.800000000000001
-6.0
5.0
4.0
4.0
5.333333333333333
5.333333333333333
-6.0
2.0
6.0
0.4
4.0
-4.4
-4.0
4.666666666666667
4.0
9.0
-0.35714285714285715
1.0
16.0
-4.0
-6.0
-8.0
6.0
-6.3999999999999995
-6.0
-2.0
4.0
-1.0285714285714285
8.0
-3.4285714285714284
-4.0
-6.0
-2.0
4.0
-1.3333333333333333
-3.2
-6.0
-8.0
-6.0
1.8
-6.0
-6.0
6.0
-5.0
-6.0
-6.0
6.0
12.0
6.0
-4.0
-2.6666666666666665
4.0
-8.0
4.0
-2.4
-6.0
-7.0
0.6666666666666666
1.6
2.0
6.0
6.0
6.0
-6.0
-1.0
-10.799999999999999
-4.800000000000001
-8.0
-10.0
-4.800000000000001
3.8400000000000007
-5.333333333333333
-1.0
-6.0
-5.333333333333333
-10.0
-6.0
-6.0
12.0
-6.0
-2.8666666666666667
3.3333333333333335
6.0
6.0
8.0
-4.0
5.0
-6.0
-8.0
-6.0
4.0
-1.3333333333333333
-6.0
6.0
8.0
-6.0
8.0
-6.0
4.0
8.0
-4.0
4.0
-2.0
6.0
6.0
-1.3333333333333333
4.0
-6.0
-4.0
4.0
-4.0
0.5028571428571428
0.0
-6.0
-8.0
4.0
-3.5
-9.0
-6.0
-6.0
-1.0
8.0
-6.0
-1.0
10.0
4.0
1.5999999999999996
-6.0
-4.800000000000001
10.0
-8.0
-4.6
-6.0
4.0
-1.0
-5.0
4.0
4.0
9.0
-6.0
8.0
4.0
0.6666666666666666
-2.0
-4.0
4.0
0.0
-8.0
4.0
-6.0
-8.0
-2.0
-1.3333333333333333
0.0
-4.8
-6.0
-4.0
-7.5
-6.0
8.0
-6.0
-6.0
7.0
1.6428571428571428
8.0
-6.0
-4.0
2.0
-9.6
-3.3333333333333335
-4.0
6.0
-4.0
-6.0
-8.0
1.0
-6.0
-5.0
6.0
-6.0
9.0
4.0
8.0
6.0
6.0
8.0
2.0
8.0
4.0
6.0
6.0
2.0
6.0
6.0
6.0
6.0
6.0
6.0
2.0
4.0
5.0
6.0
8.666666666666666
10.0
4.0
2.0
6.0
-6.0
8.0
5.6000000000000005
2.0
4.666666666666667
4.0
6.0
8.0
6.0
4.0
-6.0
6.0
6.666666666666667
2.0
-2.0
6.4
5.5
8.0
2.0
-6.0
-6.0
-8.0
6.5
-6.0
2.0
-6.0
8.0
-6.0
-6.0
7.6
-6.0
8.0
-6.0
8.0
-10.5
7.5
12.0
8.0
-4.0
-6.0
4.0
-6.0
-6.0
2.0
6.0
2.0
4.8
6.0
-6.0
-5.0
2.0
-6.0
4.0
-6.0
1.3333333333333333
-4.0
-5.4
4.0
-4.0
6.0
-6.0
6.0
6.0
-3.0666666666666664
-8.0
-2.0
8.0
-4.0
0.0
-6.0
-1.0
-4.0
-8.0
-3.0
6.0
4.0
6.0
2.0
5.0
10.0
6.0
4.0
-0.7000000000000002
-1.0
-5.0
6.0
-6.0
1.7000000000000002
8.0
8.0
6.0
6.0
6.0
5.666666666666667
5.2
4.0
-2.466666666666667
-3.3333333333333335
6.0
0.0
5.0
11.0
1.0
-8.0
-4.0
4.0
-2.6666666666666665
2.5
-6.0
6.0
9.600000000000001
8.0
8.0
7.0
8.0
6.666666666666667
-0.6000000000000001
4.0
6.0
-7.0
8.0
8.0
-5.0
8.0
5.4
-8.0
-5.0
-6.0
1.6
6.666666666666667
6.0
-6.0
7.0
-1.7333333333333332
6.9
9.0
8.0
6.0
4.0
6.0
8.0
10.0
5.0
6.0
6.0
4.0
-3.12
-5.0
6.0
-2.0
-4.0
2.0
-8.0
8.0
-10.0
4.0
-6.0
12.0
-8.0
6.0
-1.0
-1.0
6.0
-4.0
7.0
-6.0
-0.5999999999999996
6.0
0.0
4.0
7.0
-6.0
-6.0
3.3333333333333335
8.533333333333333
-4.0
12.0
-8.0
4.0
3.3333333333333335
6.0
4.0
8.0
9.0
1.0
10.0
8.0
-4.0
11.52
6.0
4.8
8.0
4.0
7.0
12.0
6.0
6.0
2.75
6.0
-6.0
7.0
8.0
6.0
6.0
6.0
9.0
6.666666666666667
4.0
-8.0
2.0
4.0
-2.0
-6.0
5.0
-7.226666666666667
-4.0
2.0
-2.6666666666666665
4.0
5.0
2.0
5.0
6.0
6.0
6.0
0.0
-4.0
4.0
-12.0
6.0
-12.0
8.0
6.0
5.0
5.333333333333333
5.0
-2.4000000000000004
-6.0
-5.88
-1.0
-4.88
6.0
4.0
6.5
-6.0
5.6
-3.111111111111111
6.666666666666667
7.333333333333333
6.5
5.0
-1.0
5.0
5.5
-14.399999999999999
6.5
6.0
-1.0399999999999998
6.0
-8.0
-5.0
-4.0
6.0
6.0
-4.4
-10.0
-4.0
-8.0
-4.0
-6.0
4.0
8.0
-6.0
-2.0
12.0
6.0
-6.0
-6.0
10.0
-6.0
-3.3333333333333335
4.0
5.0
4.0
4.0
6.0
4.0
6.0
-6.0
-4.0
12.0
-5.0
0.0
-6.0
4.0
15.0
-6.0
-6.0
5.0
-6.0
4.0
6.0
8.0
-6.2
4.0
-3.0
-6.0
4.0
-6.0
2.5714285714285716
3.0
-5.0
10.0
-1.0
6.0
-6.0
-6.0
-6.0
4.0
-8.0
-4.0
5.0
-10.0
6.0
-6.0
4.0
6.266666666666667
8.0
5.0
4.0
-6.0
-6.6
4.0
-8.0
-4.0
6.0
-6.0
5.333333333333333
4.0
-5.0
4.0
6.0
6.0
6.0
6.0
-6.0
-2.6666666666666665
6.0
-6.0
-8.0
-8.0
-1.6
0.5
-9.0
-6.0
0.6
0.0
0.5
-8.0
10.0
6.0
6.0
12.0
0.4
4.0
4.0
6.0
-6.0
2.3333333333333335
-6.0
-8.0
0.0
1.6666666666666667
0.0
-11.76
6.0
0.2666666666666666
4.0
4.0
-9.0
7.333333333333333
-6.0
8.0
6.0
1.3333333333333333
-10.0
6.5
-8.0
8.0
6.0
-6.0
6.0
4.0
-6.0
8.0
-6.0
6.0
-7.0
6.0
6.0
7.0
-6.0
4.0
-7.0
-7.0
8.0
8.0
-0.6666666666666666
-4.0
8.0
6.4
6.0
-6.0
-4.0
8.0
-0.5333333333333332
0.0
8.0
0.0
1.2
10.5
1.3333333333333333
6.0
10.5
-4.0
-7.333333333333333
1.2
-2.6666666666666665
6.0
8.0
4.0
9.6
-4.0
9.0
4.800000000000001
5.0
-8.0
7.0
6.0
16.0
8.0
3.8666666666666667
4.0
7.0
0.0
-6.0
16.0
-6.0
6.0
-6.0
4.0
8.0
6.0
4.0
6.0
5.333333333333333
-6.0
6.0
6.0
6.0
5.0
2.6666666666666665
1.0
7.0
5.0
2.6666666666666665
7.0
3.0
6.0
12.0
7.0
6.0
-8.0
-5.5
7.0
8.0
6.0
6.0
6.0
-2.0
8.0
4.0
4.285714285714286
6.0
4.0
5.733333333333333
3.733333333333333
5.333333333333333
6.0
5.2
8.0
2.0
-5.0
6.0
0.0
7.333333333333333
6.666666666666667
4.0
6.0
5.333333333333333
2.6666666666666665
2.2
-6.5
4.0
-5.0
-6.8
-8.0
0.0
-2.0
-6.0
-6.0
5.4
-6.0
0.6666666666666666
-4.0
7.0
2.0
0.0
-0.6666666666666666
8.0
-6.0
-6.0
-6.0
4.0
2.0
-0.5
0.13333333333333344
-6.0
-1.0
-9.333333333333334
-6.0
-0.2
-6.666666666666667
1.6666666666666667
7.199999999999999
4.0
-5.9
-6.0
5.0
8.0
-4.0
-6.0
-4.800000000000001
-6.0
-4.0
4.0
5.0
2.6666666666666665
-3.5
0.0
-6.0
-6.0
-1.4
-8.0
-6.4
0.0
9.0
-6.0
8.6
5.0
4.0
4.0
-9.0
-6.0
7.0
5.5
4.0
6.0
4.0
4.0
8.0
6.0
4.0
4.0
7.0
6.0
8.0
-3.5
6.0
8.0
12.0
12.0
-6.0
-6.0
-6.0
-3.3333333333333335
-4.0
6.0
7.0
8.0
-4.666666666666667
4.0
0.0
-4.4159999999999995
-8.0
6.0
4.0
4.0
4.0
4.0
1.7999999999999998
8.0
2.0
-4.5600000000000005
-6.0
6.0
0.0
6.0
6.0
-6.0
0.0
4.0
4.6
-2.0
1.1666666666666667
5.5
18.0
3.0
10.0
4.0
-6.0
-4.0
6.0
-6.0
1.3333333333333333
6.0
-3.0
10.0
5.0
-6.0
2.4533333333333336
-4.933333333333334
-1.2
6.0
-5.0
6.0
4.0
-10.0
-4.0
-6.0
-6.0
5.0
6.0
-2.0
6.0
-6.0
-6.0
6.0
-7.0
-1.0
-1.0
9.0
-8.0
-8.0
-2.0
6.666666666666667
10.0
6.0
-6.0
-4.666666666666667
6.0
-8.0
6.0
6.0
6.0
1.0
-2.5714285714285716
-6.0
-4.0
0.5999999999999996
-6.0
-6.0
2.0
-8.0
6.0
-4.0
6.0
-6.0
8.0
-6.0
-8.0
6.0
6.0
-6.0
-4.0
-2.0
4.0
-1.0
12.0
6.0
3.0
-1.4285714285714286
-6.0
6.0
-8.0
-2.6666666666666665
-5.0
-8.0
-5.333333333333333
-6.0
6.0
6.333333333333333
-6.0
8.0
0.6666666666666666
8.0
8.0
-8.0
-4.800000000000001
6.0
8.0
-6.0
-8.0
8.0
8.0
5.0
-6.0
6.0
-4.0
6.0
-6.0
-7.8
-8.0
6.333333333333333
8.0
-6.0
-4.0
7.0
10.0
3.75
8.0
-4.0
6.0
5.0
6.0
-6.0
6.5
6.0
6.0
6.0
-6.0
4.0
-6.0
-6.0
4.0
-6.0
18.0
-6.0
6.0
8.0
6.0
6.0
6.0
6.0
6.0
6.0
4.666666666666667
-6.0
6.0
8.666666666666666
6.0
6.0
6.0
6.0
-6.0
6.0
6.0
-0.5999999999999996
3.3333333333333335
8.0
-6.0
3.25
6.640000000000001
6.0
8.0
6.0
2.5
10.799999999999999
-6.0
-4.0
4.0
4.0
5.866666666666667
-6.0
2.0
8.0
-5.237333333333333
0.0
6.0
-6.0
-6.0
-6.0
7.0
8.4
4.0
9.0
6.0
-6.0
-6.0
-6.0
6.0
18.0
6.0
-6.0
6.0
-12.0
7.199999999999999
4.0
-8.0
-5.0
2.0
9.0
4.0
-10.0
-6.0
-6.0
4.0
6.0
10.0
16.0
-0.5999999999999996
6.0
6.0
-4.0
8.0
-2.0
-6.0
-4.0
4.0
11.0
-2.0
6.0
-6.0
-2.8000000000000003
-3.3333333333333335
-3.0
-6.0
-4.0
0.8
-3.5
-0.7200000000000003
-2.0799999999999996
-14.399999999999999
0.8
-6.0
-6.0
-0.6
3.6
8.0
0.0
-5.333333333333333
-6.0
-6.0
-6.0
-8.0
-6.0
-1.0
0.0
2.3333333333333335
6.0
4.0
6.0
2.0
-6.0
6.4
6.0
8.0
4.0
-5.0
-5.0
8.0
-4.4833333333333325
6.0
-6.0
4.0
-7.0
8.0
-0.6666666666666666
8.0
-4.0
4.0
-8.0
0.6666666666666666
6.0
6.4
4.0
-4.0
-4.0
-6.0
6.0
6.0
-0.7199999999999998
-2.6666666666666665
-6.0
6.0
-5.0
-0.9000000000000004
4.0
-4.0
-4.6000000000000005
2.6666666666666665
6.0
0.0
4.0
-6.0
-1.0
4.0
-3.0
6.0
8.8
-7.319999999999999
-4.0
-6.0
6.0
6.0
-4.0
-4.0
4.0
-5.466666666666666
6.0
6.0
4.0
6.0
-6.5
6.0
6.0
-1.0666666666666667
6.0
5.0
-6.0
4.8
6.0
-1.0
0.0
-4.0
5.0
4.0
-4.0
5.0
-3.3333333333333335
-6.0
6.0
2.6666666666666665
4.800000000000001
-6.0
7.5
6.0
4.0
7.5
4.0
8.0
2.0
6.0
4.0
4.0
-1.0
-6.0
8.0
8.0
8.0
-6.0
7.5
1.3333333333333333
3.6
6.0
6.0
6.0
6.0
6.0
6.0
-4.0
6.0
6.0
6.0
6.0
2.5
6.0
8.0
6.0
6.0
6.0
-2.0
4.0
6.0
6.0
6.0
2.5
-2.0
8.0
8.0
6.0
8.0
8.0
8.0
8.0
8.0
-6.0
1.3333333333333333
-6.0
0.0
-5.333333333333333
6.0
8.0
-2.5
-6.0
-6.0
2.96
6.0
-0.8571428571428571
10.0
8.0
-1.0
10.0
6.0
-2.0
-1.6
12.0
6.0
12.0
-1.5
-5.0
1.0
2.0
7.0
6.0
8.0
-1.5
-1.5
7.0
-4.333333333333333
-6.0
-6.0
-2.0
5.0
8.0
11.5
7.0
6.0
6.0
5.0
0.0
6.0
6.0
9.0
-6.0
-6.0
6.0
-6.0
10.799999999999999
-6.0
4.800000000000001
4.0
-6.0
-5.0
9.0
4.800000000000001
-6.0
-4.0
-5.4
-8.0
11.0
12.0
4.0
-3.8400000000000007
8.0
5.0
-6.0
6.0
12.0
6.0
-6.0
6.0
7.0
8.0
5.0
6.0
6.0
-6.0
6.0
4.0
-3.5
12.0
8.0
-2.0
5.0
6.8
6.0
4.0
4.0
8.0
7.0
18.0
-6.0
12.0
1.3333333333333333
9.0
12.0
4.453333333333334
8.0
8.0
12.0
10.0
3.8799999999999994
2.0
6.0
12.0
0.8000000000000002
6.0
8.0
8.0
8.0
8.0
6.666666666666667
12.0
4.0
-6.0
8.0
14.0
-6.0
4.0
-8.0
4.0
6.0
12.0
6.0
10.0
9.0
12.0
6.0
-0.5999999999999996
7.0
6.0
-10.0
12.0
6.0
6.0
6.0
5.0
8.5
5.0
7.0
12.0
7.0
4.0
9.0
6.0
12.0
12.0
6.0
6.0
6.0
4.0
12.0
6.0
8.0
8.0
6.666666666666667
7.0
6.666666666666667
8.0
9.0
6.0
-6.0
8.0
4.0
12.0
-0.5
6.0
6.0
-4.333333333333333
12.0
8.0
10.0
2.5
8.0
-4.333333333333333
2.0
-6.0
-6.0
4.0
-6.0
8.0
-8.0
8.0
8.0
6.0
-6.0
8.0
5.76
-2.0
9.0
6.0
8.0
0.0
-4.0
-5.5
-4.666666666666667
7.0
6.0
8.0
-6.0
6.0
-6.0
8.0
-0.6666666666666666
-6.0
7.0
-3.4857142857142853
-4.0
1.0
-1.0
7.0
-6.0
-6.5
-1.0
-6.666666666666667
8.0
-8.0
2.0
5.5
4.0
4.0
-4.0
8.0
1.0
12.0
-10.0
-6.0
6.0
4.0
6.0
-6.0
12.0
-10.0
-4.0
-4.0
-6.0
8.0
4.0
8.0
8.0
6.0
6.0
-4.800000000000001
6.0
6.0
8.0
-6.0
5.0
8.0
8.0
-6.0
7.0
6.0
4.0
6.0
8.0
1.0
8.0
6.0
-6.0
-2.0
-2.8799999999999994
-5.0
17.1875
6.0
8.0
4.0
4.0
5.4
5.0
-6.0
-6.0
6.0
8.0
6.0
6.0
8.0
6.0
9.0
4.0
6.0
-6.0
8.8
0.0
0.4
-2.6666666666666665
-2.0
6.0
8.0
-6.0
-8.0
-6.0
7.5
-8.0
4.666666666666667
-4.8
-4.0
-8.0
1.0
6.0
6.0
-4.800000000000001
4.0
6.0
6.0
6.0
4.0
6.0
6.0
4.0
4.0
4.0
1.2
4.0
-6.0
9.333333333333334
-5.6
-4.0
-8.0
0.6666666666666666
1.2
2.0
12.0
6.0
1.2
-2.5
-1.4133333333333333
-6.0
8.0
4.0
5.666666666666667
7.0
6.0
1.2
4.0
4.666666666666667
4.0
1.2
7.0
1.7999999999999998
1.2
5.0
6.0
-8.0
4.0
4.0
1.2
6.0
8.0
1.2
6.0
6.0
4.0
12.0
6.0
6.0
8.0
8.0
8.0
-6.4
-6.5
-1.0
6.5
-6.0
-6.0
-3.5
6.0
7.0
5.0
7.0
6.0
6.0
7.0
-0.4000000000000001
-8.0
6.0
6.0
1.3333333333333333
6.0
12.0
4.0
6.333333333333333
9.6
6.0
7.0
6.0
-6.0
12.0
6.0
6.0
4.0
4.0
6.0
3.0
6.0
6.0
6.0
6.0
7.0
3.0
6.0
6.0
6.0
2.0
4.0
0.0
6.0
-6.928
5.0
8.0
-4.0
-1.0
-4.0
-2.0
-7.0
4.666666666666667
-6.0
0.0
-5.0
-4.0
4.0
！！！！！！！！！！01埖！！！！！！！！！！
0.0
6.0
1.0
1.5
-1.552
-1.5999999999999996
-6.0
-6.0
-6.0
5.333333333333333
3.4559999999999995
-6.0
10.0
-8.0
-6.0
-6.0
-4.2
16.0
0.0
-6.0
-6.0
-6.0
5.0
-2.0
7.6
8.0
6.0
-8.0
-8.0
5.0
6.0
-8.0
6.0
-4.0
4.0
-1.0
8.0
-3.533333333333333
-0.54
-0.8000000000000003
-6.0
4.0
1.6000000000000003
-8.0
4.0
4.800000000000001
6.0
6.0
4.0
-6.0
4.0
4.0
4.0
8.0
-8.666666666666666
6.0
6.5
-4.0
6.0
4.0
8.0
6.0
4.0
6.0
16.0
-8.666666666666666
-8.666666666666666
6.0
4.0
-2.0
-10.0
-8.0
4.0
4.0
4.0
4.0
4.0
4.0
0.0
-6.0
6.0
0.0
1.3333333333333333
0.0
7.333333333333333
-8.666666666666666
8.0
-1.0
6.0
-8.666666666666666
6.0
0.0
-6.5
-6.0
4.0
-10.0
4.800000000000001
0.0
-6.0
-8.0
-6.0
-6.666666666666667
-5.733333333333334
4.0
5.199999999999999
-6.0
-1.0
-6.0
-6.666666666666667
2.8
-6.0
-1.0666666666666667
-6.0
-7.199999999999999
-4.8
3.3333333333333335
-2.0
-6.0
3.3333333333333335
6.0
6.0
10.0
2.0
6.0
-2.0
6.0
0.8
-8.0
8.0
6.0
-2.0
6.0
5.0
6.0
6.0
0.2999999999999998
-6.0
-6.0
-1.3333333333333333
10.0
0.0
2.0
-4.0
-6.0
-4.0
6.0
-3.2
6.0
-8.0
-4.0
7.0
6.0
-5.0
2.6666666666666665
-6.0
4.0
-0.6666666666666666
-4.0
0.0
-4.0
2.0
-6.0
-8.0
-4.0
2.0
-6.666666666666667
6.0
-0.8500000000000001
-2.5
8.0
-1.0
8.0
8.0
4.0
6.0
-6.0
-6.0
-6.0
-6.0
6.0
-4.0
12.0
-6.0
8.0
-6.0
2.0
-6.0
-8.0
6.666666666666667
7.0
6.0
6.0
6.0
5.0
6.0
2.0
4.0
2.0
-8.0
4.0
-6.0
-6.0
-8.0
8.0
-5.0
4.5
6.0
6.0
8.0
5.0
0.0
-5.0
-1.9333333333333336
0.0
-5.733333333333334
8.0
8.0
5.333333333333333
-2.5
2.0
4.0
-6.5
-10.0
-6.0
-12.0
2.0
-6.5
-7.199999999999999
-1.0
-6.0
0.0
-3.2
0.0
2.0
6.0
0.0
0.7000000000000002
7.0
4.0
-6.0
7.0
-6.0
-6.0
1.0
0.0
6.0
-6.0
2.0
-6.0
-4.0
-4.0
4.0
-6.0
-2.0
-3.5
8.0
-3.5
-6.0
4.0
8.0
10.0
6.0
-6.0
-5.0
3.0
4.0
6.0
6.0
-3.5
4.666666666666667
-8.0
6.0
0.0
-1.0
4.0
6.666666666666667
8.0
-1.3333333333333333
-6.0
-6.0
12.0
9.0
-6.0
4.0
-8.0
8.0
8.0
10.0
6.4
0.0
-6.0
6.0
-8.0
6.666666666666667
8.0
-8.0
-3.1333333333333333
-5.0
-8.0
-4.0
6.0
6.0
1.0
-7.0
-2.0
-8.0
-5.0
-6.0
2.0
9.0
8.0
7.0
-6.0
-6.0
5.333333333333333
8.0
-8.0
4.0
-5.333333333333333
0.0
-11.0
5.166666666666667
-4.0
8.333333333333334
-4.0
8.0
-4.666666666666667
0.0
2.6666666666666665
9.0
-8.0
-5.0
1.4666666666666668
4.5
-8.0
-4.0
8.0
4.0
-10.2
6.0
10.0
6.0
4.0
6.0
-7.0
6.0
-12.0
-6.0
-7.5
-1.0
7.0
3.6
6.0
6.0
-2.6
-5.0
-5.0
-6.88
-4.2
-5.0
6.5
-4.0
6.0
-9.0
4.0
6.0
-6.0
-8.0
6.0
2.6666666666666665
5.0
1.4
-2.0
8.0
6.0
-12.0
7.0
-6.0
-3.2
-4.933333333333333
6.0
6.0
-1.3333333333333333
-1.0
6.0
5.0
6.0
1.0
-2.7
-1.0
9.84
-2.5
-6.0
6.0
-8.0
5.0
5.0
-7.0
-1.0
-6.0
-0.6666666666666666
-6.0
-6.0
-6.0
-4.0
5.0
0.0
-9.0
-8.0
-8.0
-6.0
-6.0
6.0
-1.0
-6.0
-4.800000000000001
-2.0
-3.2
-6.0
-6.5
6.0
-6.0
-5.333333333333333
6.0
8.0
-6.0
2.0
4.0
5.0
-4.0
2.0
-6.0
4.0
6.0
7.199999999999999
-4.0
4.0
4.0
7.0
-6.0
6.0
7.8
6.0
8.0
4.0
6.0
-6.0
6.0
6.0
6.0
4.0
-4.8
-6.0
-1.3333333333333333
-6.0
-8.0
-2.0
10.0
-6.0
-4.0
-7.68
-4.0
-1.6
3.0666666666666664
-6.0
4.571428571428571
4.0
5.0
-6.0
-4.800000000000001
-2.0
-6.0
1.3333333333333333
5.0
6.666666666666667
4.0
1.0
0.0
6.0
6.0
-4.0
-6.0
6.0
6.0
-4.0
-0.5
4.0
-6.0
-6.0
4.0
9.0
8.0
2.0
-6.0
2.0
6.0
-6.0
-3.0
-2.0
-2.0
0.0
4.0
-2.0
6.0
-2.0
6.0
4.0
6.0
6.0
8.0
6.0
-2.0
7.0
4.0
-6.0
0.5999999999999996
-8.0
-0.9333333333333336
2.3333333333333335
-2.6666666666666665
-5.0
-5.5
-5.0
-6.0
-3.84
-8.0
4.666666666666667
4.0
4.0
-6.0
4.0
4.0
-4.0
-0.8
-3.3333333333333335
-7.333333333333333
-6.0
-4.0
2.6666666666666665
6.0
-7.333333333333333
-6.0
4.0
-1.25
-4.0
-4.800000000000001
4.0
-2.0
-6.0
8.0
9.0
6.0
6.0
7.0
8.0
7.0
8.5
6.0
4.0
0.5999999999999996
3.0
4.0
-0.6666666666666666
9.0
6.0
8.0
-6.0
127.416
14.0
6.666666666666667
-5.0
-1.6000000000000005
9.0
-4.0
3.3333333333333335
6.0
2.5
-7.199999999999999
-6.0
-4.0
1.0
-6.0
-4.0
-6.0
-4.0
4.0
-9.0
-10.0
9.0
-12.0
3.3599999999999994
-6.0
9.0
-6.0
-6.0
0.0
4.0
-6.0
-8.0
3.84
4.571428571428571
6.0
-1.0
-5.4
7.199999999999999
3.0
12.0
10.0
1.0
8.0
6.0
0.0
8.0
-7.199999999999999
-8.0
6.0
4.0
-1.0
4.0
6.0
-6.666666666666667
2.6666666666666665
-6.0
4.0
-0.5
8.0
6.0
4.0
4.0
6.0
6.0
6.0
4.0
6.0
-8.0
8.0
-8.0
6.0
8.0
-6.0
4.0
-6.0
-6.0
-4.0
4.0
8.0
4.0
-6.0
4.0
6.0
-24.0
4.0
4.666666666666667
9.0
4.0
8.0
8.0
-4.0
7.0
-6.0
8.0
-6.0
8.0
0.0
8.0
4.0
-6.0
8.0
6.0
6.0
1.0
8.0
8.0
-6.0
3.5
6.0
1.0
6.0
-6.0
-6.0
-8.0
6.0
-2.0
-10.0
-8.0
-6.0
5.0
7.0
2.0
7.0
3.5
4.0
6.0
4.0
6.0
-2.0
-3.6
12.0
10.0
4.0
6.0
8.0
8.0
6.0
-6.0
3.0
-4.0
6.4
-9.0
-6.0
6.0
4.0
8.0
6.0
7.0
5.5
1.5999999999999996
6.0
7.5
4.0
-6.0
6.213333333333334
6.0
1.2
-8.0
6.0
-6.0
6.0
10.0
4.0
6.0
-4.92
1.3333333333333333
-5.0
-7.0
4.0
-6.0
-4.0
6.666666666666667
8.0
4.5
6.0
0.0
6.0
-6.0
-8.0
8.0
4.0
6.0
4.4
1.0
6.0
7.0
-6.0
3.3333333333333335
2.0
-4.800000000000001
-2.6666666666666665
6.0
6.0
6.0
6.0
-1.6666666666666667
-6.0
8.0
2.3333333333333335
-4.0
3.0
4.0
-1.0
0.3999999999999999
-5.2
3.0
7.199999999999999
2.1333333333333333
-4.666666666666667
6.0
-6.0
-8.0
-9.0
6.0
8.0
-7.6
-2.0
2.6666666666666665
-2.7777777777777777
6.0
-8.0
-7.0
-6.0
0.0
-6.0
8.0
-5.2
-6.533333333333334
6.0
-8.0
6.0
-6.0
-8.0
8.0
4.0
-6.0
12.0
-8.0
4.0
-6.0
6.0
6.0
-2.6666666666666665
8.0
9.0
-6.0
-8.0
5.333333333333333
0.0
-6.0
8.0
-6.0
0.2666666666666669
-6.0
-6.0
-6.0
6.0
6.0
-2.0
12.0
6.0
6.0
8.0
6.0
0.0
-6.0
6.0
-6.0
6.0
-7.199999999999999
4.586666666666667
5.0
2.0
4.0
-6.0
6.0
6.0
9.0
-2.88
7.0
-9.0
9.0
-6.0
-6.0
-6.0
16.0
-6.0
-4.8
0.0
0.8
-8.0
-2.0
6.0
-12.0
10.0
6.0
4.0
15.0
6.0
1.5
-2.0
7.0
-6.0
6.0
6.0
8.0
-1.0
2.0
8.0
8.0
-6.0
-6.0
-6.0
-6.0
0.5999999999999996
10.0
6.0
-10.799999999999999
6.0
-6.0
8.0
-6.0
7.0
6.0
6.0
4.0
8.0
4.0
6.0
4.0
8.0
8.0
-6.0
-6.0
4.0
8.0
12.0
3.5
1.7142857142857142
4.0
4.0
-6.0
4.0
3.5
4.0
4.0
4.0
-6.0
4.0
4.0
6.0
-6.0
4.0
3.5
5.0
8.0
-6.0
-6.0
6.0
-6.0
4.0
4.0
-4.0
-4.0
-11.52
-6.0
-8.0
4.0
-7.0
6.0
3.5
10.0
1.0
-6.0
-6.0
-8.799999999999999
4.4
-6.0
-4.0
-0.25
4.0
-9.0
-6.0
1.6666666666666667
-6.0
-2.0
10.0
4.0
5.333333333333333
-6.0
-6.0
6.0
-2.0
-8.0
4.0
-1.3333333333333333
6.0
-6.0
-6.0
7.0
4.0
4.0
7.199999999999999
0.6666666666666666
5.5
4.0
10.0
-6.0
-10.0
-6.0
-6.0
1.6
-6.0
-3.2
9.0
4.0
-4.8
6.0
-4.800000000000001
6.0
10.0
4.0
-2.9
1.5
5.0
6.0
-6.5
-2.0
-6.0
6.0
-5.4
-6.8
-5.333333333333333
3.5
-6.0
-4.0
10.0
-6.0
8.0
-6.0
-3.2
0.0
-6.0
-6.0
-6.0
8.666666666666666
4.0
8.0
4.0
-6.0
-6.0
8.0
-6.0
6.0
6.0
-5.333333333333333
6.0
4.0
6.0
6.0
8.0
6.0
4.0
-1.0
7.0
4.0
6.0
4.0
6.0
4.0
6.0
4.0
8.639999999999999
8.0
-2.0
7.0
8.0
5.0
6.0
8.0
6.0
-6.0
4.0
4.0
4.0
8.0
-6.0
8.0
-7.0
-6.0
6.0
3.5
-6.0
5.0
-3.0
8.0
7.333333333333333
4.0
-6.6
4.0
6.0
5.0
8.0
-4.0
6.0
12.0
6.0
-1.3333333333333333
12.0
4.0
9.600000000000001
-6.0
4.0
-8.0
-6.0
4.0
-0.02666666666666669
6.0
6.0
-6.0
-4.0
-6.0
1.0
6.0
8.0
10.0
6.0
-2.0
10.0
1.0
-4.0
-6.0
6.0
4.0
-6.0
-4.8
-6.0
12.0
5.0
12.0
6.0
6.0
-8.0
4.0
-8.0
8.0
6.666666666666667
-6.0
4.0
6.0
-6.0
6.4
-2.0
6.4
6.0
8.0
0.7
2.6666666666666665
4.0
-6.0
6.0
-1.375
6.0
-6.0
-6.0
-8.0
-6.8
7.0
-6.0
1.5
6.0
-6.0
-1.3333333333333333
7.0
4.0
-7.919999999999999
5.0
-6.6
4.0
-6.0
6.0
-6.0
2.0
6.0
-7.0
-6.0
-1.3333333333333333
3.0
0.0
-6.0
-2.0
-6.0
-6.0
6.0
4.0
-6.0
6.0
6.0
12.0
8.0
7.0
-6.0
6.0
4.0
8.0
6.0
4.0
2.7
6.0
-6.0
6.0
4.0
8.0
6.0
4.0
6.0
8.0
6.0
-4.0
8.0
6.0
6.0
2.0
6.0
4.0
12.0
8.0
8.0
-6.0
-2.0
1.0
4.0
8.0
6.0
0.0
7.0
-6.0
3.0
8.0
12.0
6.0
9.0
6.0
7.0
-10.15
-6.0
8.0
8.0
7.0
-6.0
4.0
5.0
6.0
10.0
6.0
-6.0
8.0
7.0
4.0
6.0
8.0
-6.0
16.0
-6.0
0.0
8.0
4.0
-8.0
7.319999999999999
-6.0
-3.0
8.0
8.0
-6.0
-2.4
1.5
8.0
6.0
8.0
-6.0
-0.3333333333333333
8.0
-7.0
1.0
4.533333333333333
-4.0
-6.0
8.0
4.0
-4.0
1.7000000000000002
6.0
8.0
6.0
4.0
-2.0
5.0
6.0
0.0
-6.0
8.0
4.0
-10.0
6.0
6.0
0.5999999999999996
6.0
-4.0
-6.0
4.0
6.0
6.0
6.0
-2.0
5.6
8.4
-6.0
4.0
8.0
4.0
1.0
-4.0
7.1
6.0
10.0
4.0
6.0
4.0
7.5
4.0
-2.0
-6.5
-1.5
-1.3333333333333333
6.8
-5.6000000000000005
6.0
10.0
6.728
-8.0
12.0
6.728
12.0
6.0
6.0
5.0
6.0
6.0
4.0
-6.0
-5.2
6.728
-6.0
6.0
6.0
6.0
4.0
9.0
-6.0
-6.0
6.0
8.0
6.0
4.0
6.0
6.728
0.0
6.0
6.0
6.0
8.0
6.666666666666667
7.0
9.0
6.0
9.0
6.728
3.5
-4.0
-1.7777777777777777
8.0
8.0
-6.0
6.0
1.3333333333333333
4.0
-4.0
-4.0
4.0
2.0
-7.0
6.0
-8.0
7.0
4.0
-1.4
2.0
-6.0
-6.0
-8.0
4.0
-6.0
6.0
6.0
6.0
4.0
-6.0
6.0
4.0
4.0
6.0
5.2
8.0
-4.0
6.0
-6.0
-6.0
6.0
-6.0
4.0
-6.0
0.0
6.0
4.0
-6.0
3.5
7.333333333333333
-2.0
-3.0
-6.0
8.0
3.3
-4.666666666666667
10.0
6.0
-8.0
-4.0
-8.0
-4.333333333333333
0.0
-6.0
-3.2
-3.2
6.0
7.0
4.0
4.0
-8.0
4.0
4.0
-2.0
0.6666666666666666
-6.5
4.0
4.0
-1.5
-0.18181818181818182
0.0
4.0
8.0
2.3333333333333335
3.2
-8.0
-4.0
-8.0
5.928571428571429
-6.0
8.0
3.5
6.0
6.0
9.0
5.0
4.0
-0.4
4.0
6.0
9.0
3.5
8.0
8.0
0.0
9.0
-1.7973333333333332
8.0
-6.0
8.0
0.0
-1.0
16.0
-4.5
-0.2999999999999998
7.5
-8.0
-4.4
-6.6
4.0
10.0
2.6666666666666665
-8.0
-8.0
7.0
-6.0
10.0
16.0
8.0
-4.0
6.0
-2.0
-4.0
6.0
6.5
0.0
-6.0
-8.0
-7.199999999999999
4.0
8.0
6.0
4.0
4.0
7.0
6.0
-8.0
3.3333333333333335
-1.0
-3.6
-4.0
-4.0
-3.2
-3.2
-5.5
4.0
-4.0
0.0
-3.2
4.0
-2.0
-1.0
-6.0
4.0
4.0
-0.6666666666666666
6.0
4.0
-4.0
4.0
4.0
-6.0
7.0
4.0
6.0
-9.0
-6.0
6.0
4.0
-6.0
-6.0
10.0
-4.0
0.0
-6.0
2.6666666666666665
1.0666666666666667
4.0
6.0
6.0
7.0
4.0
9.6
6.880000000000001
4.0
5.6
7.0
5.333333333333333
1.3333333333333333
-7.0
4.0
5.0
6.0
4.0
2.0
6.0
4.0
6.0
8.0
8.0
10.0
-6.0
8.0
6.0
6.0
3.2
4.0
8.0
6.0
1.0
8.0
4.0
6.24
4.0
8.0
4.0
2.0
6.0
6.0
7.0
-0.16000000000000014
6.0
-6.0
6.0
4.0
6.0
6.0
8.0
6.0
-1.0
6.0
5.714285714285714
13.5
9.0
-6.0
2.0
-8.0
6.0
8.0
9.0
8.0
9.0
0.0
0.0
-4.0
2.0
4.0
3.5
8.0
0.0
0.6666666666666666
-6.0
-6.0
5.5
6.0
-6.0
6.0
9.0
-3.0
-4.0
-8.0
-1.3333333333333333
4.0
-6.0
6.0
4.0
6.0
6.0
0.0
-8.0
6.0
1.0
10.0
4.0
4.4
5.0
0.0
-6.0
5.0
-4.0
6.0
-4.0
-8.0
1.0
-1.0
-8.0
-5.0
6.0
6.0
1.3333333333333333
-3.0
0.9333333333333336
6.5
-6.0
-2.0
7.0
4.0
-6.0
10.0
8.0
3.5
-10.0
5.16
0.8
-7.0
0.6666666666666666
-7.333333333333333
-6.0
10.0
-4.0
6.0
-8.0
8.0
8.0
8.0
10.0
4.0
-2.0
8.0
3.3333333333333335
-4.0
-0.6399999999999999
-4.0
-6.0
-8.0
-5.0
-8.0
-4.666666666666667
6.0
2.4
-3.5
4.0
4.0
-6.0
-6.0
-1.0
-1.8666666666666665
6.0
8.0
0.0
4.0
6.0
6.0
4.0
6.0
4.0
10.0
-6.6
-1.6
6.0
-2.4
7.0
4.0
6.0
4.0
-6.0
4.0
4.0
4.714285714285714
6.0
7.0
-3.533333333333333
-7.6
-8.0
-4.8
7.5
6.8
6.666666666666667
-7.199999999999999
8.0
2.8
1.0
-6.0
-8.0
4.0
6.0
8.0
6.0
4.0
-7.5
-8.0
-6.0
7.5
-2.0
12.0
6.0
-6.0
8.0
-8.0
5.333333333333333
-1.4
7.0
3.2
5.0
6.0
-6.0
6.0
-6.0
-8.0
-6.0
-2.0
9.0
6.0
8.0
0.0
8.0
6.0
0.0
6.0
-10.0
-2.4
-2.0
-8.0
4.333333333333333
-7.0
-3.5
6.319999999999999
-0.5
-4.6
6.0
-1.0
6.0
-6.0
-2.0
5.76
9.0
-4.666666666666667
6.0
6.0
-2.4
-2.0
2.4
6.319999999999999
8.0
6.0
6.0
-8.0
-4.0
4.0
-6.0
4.0
-2.0
0.0
2.4
1.5
-0.09999999999999994
6.0
-2.0
-6.0
8.0
7.0
6.0
-6.8
6.0
10.0
0.6666666666666666
-4.800000000000001
8.0
6.0
-6.0
0.6666666666666666
1.3333333333333333
-6.0
16.0
-6.0
-6.0
1.0
-10.0
7.0
6.0
8.0
10.0
-6.0
7.0
4.666666666666667
-6.0
-4.0
4.0
8.0
1.0
8.0
-6.0
8.0
6.0
-8.0
-6.0
6.0
-6.0
-4.0
6.0
3.92
-1.0
5.0
-3.2
3.84
4.0
6.0
6.0
2.5
0.0
-6.0
-6.0
6.0
7.0
8.0
8.0
1.75
6.0
8.0
8.0
4.0
0.0
5.0
4.16
6.0
5.75
7.0
-8.0
-1.0
6.0
-4.0
5.0
8.0
-8.0
12.0
2.5
1.2
1.0
6.0
9.0
3.0
-6.0
-6.0
-3.2
4.0
8.0
4.0
8.0
-6.0
-8.0
6.0
-4.0
5.0
6.0
8.0
-1.5
8.0
2.6666666666666665
4.0
4.0
-4.0
4.0
12.0
4.0
-7.866666666666667
5.0
6.0
4.0
-6.0
8.0
2.6
6.0
4.0
4.0
6.0
6.0
4.0
6.0
9.0
4.0
6.0
-2.0
4.0
4.0
6.0
6.0
6.0
7.0
-7.666666666666667
4.0
1.0
-4.0
-7.0
6.0
6.0
6.319999999999999
-6.0
-6.0
-7.199999999999999
1.0240000000000002
-4.5
1.0
4.0
1.0
2.6666666666666665
-0.5999999999999996
10.0
6.0
-1.0
2.5
6.0
-4.0
-6.0
-6.0
6.0
1.8857142857142857
8.0
-6.0
-4.0
-4.0
-1.0
-6.0
-6.0
-8.0
-12.0
-6.0
-16.0
6.0
-6.0
-5.0
-5.0
-4.0
-6.0
-6.0
-7.0
6.0
6.0
-1.0
-6.0
4.0
-0.16000000000000014
4.0
-6.0
-6.0
1.0
1.0
-9.0
-2.5
4.0
-6.0
-6.133333333333333
-6.0
-6.0
2.4
6.0
-6.0
16.0
8.0
-4.0
0.0
-4.0
-6.0
-4.0
4.0
-2.0
6.0
-2.9605947323337506e-16
-6.0
-6.0
-0.6666666666666666
6.0
-6.0
-8.0
-6.0
-6.0
6.0
-8.0
-8.0
-4.0
1.0
-6.0
6.0
-5.333333333333333
-7.0
4.800000000000001
1.0
-6.5280000000000005
6.0
4.0
6.0
-8.0
-6.0
-6.0
-4.666666666666667
-6.0
4.800000000000001
-4.0
0.6666666666666666
0.0
-6.0
2.5
6.0
6.0
-7.0
0.0
6.0
4.800000000000001
-6.0
-1.0
4.0
3.2
-2.6666666666666665
-4.0
-4.36
-6.0
6.0
6.666666666666667
-5.333333333333333
10.0
8.0
-5.0
-7.0
1.0
-5.333333333333333
-6.0
8.0
5.333333333333333
2.5
5.0
-7.199999999999999
-1.7000000000000002
-6.0
0.0
-6.0
13.5
8.0
-6.0
-5.333333333333333
2.6666666666666665
10.0
-6.0
5.0
8.0
9.0
1.0
6.0
8.0
-6.0
-8.0
4.0
4.0
-6.0
6.0
6.0
8.0
0.0
9.6
-5.0
-6.0
6.0
-5.0
6.0
10.0
3.2
-6.0
-0.5999999999999996
6.0
-1.0
-1.2
2.5
-6.0
7.333333333333333
4.0
-6.0
-6.0
-5.333333333333333
4.0
5.0
10.5
6.0
8.0
-1.0
6.0
9.0
4.0
10.5
6.0
6.0
4.0
2.0
9.333333333333334
8.666666666666666
0.25
-5.0
7.0
6.0
-8.0
4.0
-10.0
6.0
4.0
5.0
-6.3
-2.0
4.0
-6.666666666666667
6.0
8.0
-4.0
-3.6666666666666665
-1.0
4.16
6.0
-5.0
3.2
-2.0
2.0
-4.800000000000001
2.0
3.0
-4.0
-4.0
-6.0
4.0
-8.0
0.0
-8.0
8.0
-6.0
8.0
-5.0
2.5
4.0
-4.800000000000001
6.0
-6.0
-7.199999999999999
-4.0
8.0
1.0
4.0
8.0
8.0
-8.0
-7.199999999999999
-12.0
2.0
9.0
24.0
4.0
6.0
4.0
6.0
7.5
-1.0
-4.0
10.0
-7.666666666666667
-2.0
-2.0
-1.2
-6.0
-6.0
2.5
4.0
6.0
2.5
-5.333333333333333
-8.0
-8.0
4.0
-5.6
5.0
-6.0
-6.1
-4.0
8.0
6.0
-6.0
4.0
-8.0
-13.333333333333334
-6.0
3.8400000000000007
-7.0
-4.8
-6.0
-4.0
8.0
-6.0
6.0
7.2
-6.0
-6.0
-0.8666666666666668
-4.0
-1.0
5.0
-5.0
-6.0
8.8
0.0
4.0
1.0
6.0
-6.0
-3.2
6.666666666666667
-1.8
0.8
5.0
-5.333333333333333
-10.0
4.0
6.0
6.0
-8.0
-6.0
-6.0
7.0
-5.0
-3.9200000000000004
8.0
6.0
-8.0
-6.0
-6.0
3.6
-0.5
-6.0
-8.0
-1.1428571428571428
-4.0
-6.0
-4.0
6.0
6.0
-4.0
-6.0
2.0
5.0
1.0
2.266666666666667
-1.7142857142857142
-7.0
-6.0
-4.8
-7.0
2.0
10.0
-4.0
4.0
-14.4
-4.0
-5.0
-2.0
5.666666666666667
7.6
-7.0
1.7999999999999998
-6.0
-6.0
4.7
-6.0
-2.0
-6.0
8.0
-2.4
-6.0
6.0
-1.0
-8.0
4.800000000000001
-6.0
-10.0
-6.0
9.0
5.0
3.5
-4.0
6.0
4.0
4.8
-8.0
6.0
-6.0
-6.0
-4.0
6.0
5.0
6.4
6.0
8.0
-0.5
-0.45333333333333375
-6.0
6.0
6.0
6.0
6.0
4.0
1.3333333333333333
6.0
6.0
-1.0
3.84
6.0
6.0
2.0
-4.6
-8.0
-6.0
-6.0
-5.666666666666667
4.0
1.3333333333333333
-6.0
-6.0
0.40000000000000036
-6.0
-6.0
6.0
8.0
0.0
-1.3333333333333333
1.3333333333333333
-6.0
4.0
4.0
5.0
-12.0
-1.6000000000000003
6.0
-7.0
6.0
-8.0
1.3333333333333333
4.0
0.0
4.0
6.0
9.0
5.0
6.0
2.0
-9.6
-6.666666666666667
2.0
-2.6666666666666665
-3.466666666666667
-4.0
-4.0
-3.2
-4.0
1.3333333333333333
-6.0
-4.666666666666667
-7.066666666666666
8.0
0.8000000000000002
-3.0
-4.933333333333334
-4.0
-1.3333333333333333
-8.0
-6.0
-4.0
-4.0
6.0
1.3333333333333333
-4.0
-6.0
4.0
-1.8399999999999999
1.3333333333333333
-4.0
-4.0
4.0
2.0
4.0
-6.0
7.333333333333333
-3.2
0.0
4.0
4.0
6.0
9.0
-8.0
0.0
6.0
2.0
5.6
1.0
8.0
8.0
-3.7600000000000002
6.0
4.0
6.0
7.0
6.0
6.0
6.0
6.0
-6.199999999999999
6.0
-2.0
5.0
6.133333333333333
-2.0
1.3333333333333333
2.0
6.0
2.0
-6.0
5.6
-3.0
7.8
6.0
-5.0
4.0
-6.0
4.800000000000001
6.0
6.0
8.0
6.0
4.0
6.0
-6.0
4.0
2.4000000000000004
-6.0
-10.0
-6.0
-6.0
6.0
-8.0
-6.0
6.0
3.3333333333333335
-5.0
8.0
1.3333333333333333
10.0
1.0
-4.0
3.3333333333333335
0.3999999999999999
-6.0
-6.0
-6.0
-5.0
-9.0
4.0
4.0
7.666666666666667
3.0
4.0
-7.0
8.0
3.0
-4.0
1.3333333333333333
10.0
-5.333333333333333
6.0
-6.0
-2.6666666666666665
9.6
8.0
4.0
-6.0
-2.6666666666666665
6.0
6.866666666666667
-6.0
-4.0
-8.0
1.3333333333333333
-6.0
6.0
-8.0
6.0
-3.2
-5.0
-0.6666666666666666
4.0
6.0
-6.0
-2.8
-6.0
10.0
1.3333333333333333
4.0
8.0
-5.0
-2.0
-6.0
6.0
-6.0
6.0
6.333333333333333
-6.0
-6.0
-8.0
-6.0
-2.8
-5.0
1.3333333333333333
-2.8
1.3333333333333333
6.0
3.84
-2.0
2.1333333333333333
-6.0
-2.0
-8.0
-6.0
-8.0
-5.0
-1.36
-6.0
-4.0
-0.2
10.0
-2.0
3.2
-5.4
-4.0
6.0
1.3333333333333333
4.0
6.0
8.0
7.0
8.0
6.0
-6.0
6.0
-4.0
-6.0
6.0
-4.0
-4.0
10.0
-8.0
6.0
-2.8
8.0
-8.0
4.0
-6.0
-8.0
6.0
-8.0
-4.0
-4.0
-6.0
-2.586666666666667
-7.5
8.0
-4.666666666666667
-4.0
-1.0
1.3333333333333333
-6.0
15.0
-7.0
6.0
3.25
-6.0
6.0
-1.0
-3.3333333333333335
8.0
0.0
1.0
-6.0
8.0
-6.0
-7.0
1.3333333333333333
-1.0
-4.0
-6.0
6.0
6.0
4.0
6.0
-8.0
-6.0
-6.0
4.25
4.0
-0.6666666666666666
4.0
1.5
-1.3333333333333333
-6.0
1.3333333333333333
6.0
10.0
-1.0
8.0
-6.0
-6.0
7.0
0.0
8.639999999999999
6.0
6.0
10.8
-6.0
-8.0
-6.0
-6.0
-4.0
-6.0
-6.0
6.0
-6.3999999999999995
-6.0
1.3333333333333333
-6.0
-6.0
8.0
-7.0
8.0
-6.0
4.0
6.0
4.0
-1.0
8.0
-4.5
-6.0
3.0
-6.0
-6.0
8.0
0.6666666666666666
-3.3333333333333335
-0.09999999999999994
0.0
4.0
-4.0
6.0
-3.75
8.0
6.0
-3.2
-3.5
-6.0
-4.0
6.0
-2.8
-6.133333333333333
-8.0
4.0
-4.0
6.0
6.0
-9.0
-6.0
1.6
0.8571428571428571
-4.0
-6.1
-9.833333333333334
5.0
1.3333333333333333
5.0
-3.0
-4.0
-7.333333333333333
-0.5
-6.0
-2.0
8.0
-8.0
-8.0
4.32
-6.0
-6.0
-2.6666666666666665
-6.0
-6.0
6.0
6.0
1.3333333333333333
-6.0
-6.0
6.0
1.0
-7.6
8.0
1.3333333333333333
-4.0
10.0
-6.0
-6.0
4.0
-8.666666666666666
1.3333333333333333
4.0
-10.0
-7.5
-8.0
-6.0
2.0
5.0
4.0
-3.0
0.0
7.199999999999999
12.0
6.0
-7.0
-4.5
-9.0
6.0
-6.0
-4.0
8.0
2.6666666666666665
-2.5
10.367999999999999
-3.0
-6.666666666666667
2.0
-6.0
-8.0
-9.0
-2.6666666666666665
6.0
3.0
5.0
-8.0
-7.0
6.0
-6.0
6.0
7.0
6.0
7.0
0.0
-2.0
6.0
6.0
4.0
-0.5999999999999996
-6.0
3.36
4.0
-2.5
4.0
-6.0
4.0
-4.0
-6.0
-8.0
6.0
6.0
6.0
1.0
-3.3333333333333335
-9.0
-4.800000000000001
6.0
-4.4
-0.5
-10.0
3.6666666666666665
-2.4
-8.0
-6.0
-6.0
-0.5
-8.0
-1.5
-6.0
-1.8720000000000003
-1.0
-8.0
-8.0
4.0
-4.0
1.6666666666666667
-2.0
-1.5
6.0
-4.0
-4.0
-2.6666666666666665
-0.5
4.0
-0.5
-8.0
2.0
5.0
6.0
-8.0
-6.0
-5.0
4.8
4.8
15.0
4.0
4.0
-6.0
-0.5
-8.0
-0.5
2.0
-6.0
0.16666666666666666
-6.0
-6.0
6.0
-3.0
6.0
0.0
6.0
-6.0
7.0
-0.5
1.0
0.0
-8.0
-0.5
3.0
-1.0
4.0
-2.0
-0.5
9.600000000000001
-6.0
4.8
5.6
-0.5
-2.0
4.666666666666667
-7.0
2.0
！！！！！！！！！！20埖！！！！！！！！！！
-7.0
-2.0
6.0
6.0
-0.5
-4.800000000000001
6.0
-6.0
-2.6666666666666665
-2.0
7.0
5.013333333333333
-2.0
-10.0
3.0
-7.0
-8.0
1.0
7.199999999999999
-12.0
-6.666666666666667
-8.0
-6.4
-4.0
8.0
4.0
-4.0
6.0
-6.0
-10.0
4.533333333333333
-6.0
-4.0
-5.0
4.0
1.0
-8.0
9.25
-4.0
-6.0
-2.8
-6.666666666666667
-8.0
-12.0
1.1428571428571428
10.0
-4.666666666666667
-4.8
-8.0
4.0
-6.0
-4.4
-6.0
-1.0
1.9555555555555557
8.0
-6.0
-4.0
-7.0
-5.648000000000001
-4.0
-8.0
-8.0
-10.0
0.8
-6.0
-6.4
8.0
10.0
8.0
0.4
-8.0
-6.0
-8.0
-6.0
6.333333333333333
2.7999999999999994
6.0
6.0
-7.0
-6.0
-8.0
6.0
4.0
-4.666666666666667
-4.8
1.1428571428571428
-1.0
4.0
-0.5
4.8
1.7333333333333334
-7.0
-4.666666666666667
-4.8
4.0
-0.5
-6.0
1.5999999999999999
-4.5
-7.199999999999999
-2.0
-0.3999999999999999
-0.5
-8.0
1.0
-4.0
4.8
-0.5
1.3333333333333333
-8.0
4.8
4.0
6.0
-2.8
-2.0
-8.0
-2.0
-7.0
-8.0
6.0
-4.0
4.0
4.8
-8.0
10.0
6.0
-0.5
-6.0
-6.0
4.0
-8.0
-0.5714285714285714
3.2
-1.2000000000000002
0.25
-2.6
-0.5
-3.7142857142857144
10.0
6.0
-2.6666666666666665
-1.0
-8.0
-6.0
-8.0
-8.0
-4.0
4.0
4.8
-1.0
-7.0
-8.0
6.4
4.0
-6.0
2.9
-6.0
-8.0
-6.0
-12.0
-1.0
-10.0
-3.3714285714285714
-6.0
-6.0
-6.0
-4.0
0.8
6.0
-8.0
6.0
6.0
-2.6666666666666665
-2.6666666666666665
-7.0
-6.0
-6.0
-2.4
-6.0
4.0
1.2
-6.0
4.0
-2.0
-7.9
1.0
4.0
-8.0
-1.6666666666666667
-4.0
-6.0
4.0
5.333333333333333
-2.4
-4.0
7.199999999999999
-4.25
3.2
-6.0
-8.5
-4.0
-6.0
-8.0
6.0
-6.0
-8.0
0.08000000000000007
4.0
-5.6
-6.0
-4.0
-6.0
-8.666666666666666
-8.0
-6.0
-6.0
-6.0
2.6666666666666665
-6.0
-4.0
6.0
-1.0
-6.0
-6.666666666666667
-4.0
-4.0
-6.0
16.0
8.0
-8.0
7.0
-0.5
-4.0
7.0
4.8
-6.0
3.2
-4.0
6.0
0.08000000000000007
-4.0
-3.2
-4.0
-0.5
-6.0
3.2
-6.0
-0.8
-0.5
-0.5
12.0
-6.0
-0.5
-6.0
-4.0
0.0
-2.0
-0.5
-6.0
-7.0
-0.5
