！！！！！！！！！！12埖！！！！！！！！！！
6.0
12.0
-4.0
-4.0
10.0
6.0
-6.0
4.0
-4.0
6.0
7.0
-4.0
10.0
-6.0
-2.3333333333333335
-6.0
-8.666666666666666
-2.3333333333333335
8.0
4.0
-9.0
8.0
16.0
4.0
-2.3333333333333335
-6.0
7.0
6.0
2.5
6.0
-2.3333333333333335
3.2
6.0
6.0
4.0
6.0
3.142857142857143
-2.3333333333333335
-1.0
4.0
-4.0
6.0
4.0
6.0
1.0
6.0
-6.0
6.0
-6.0
4.666666666666667
-8.0
6.0
1.3333333333333333
-6.0
-6.0
6.0
-4.0
-6.0
-6.0
4.0
6.0
6.0
4.0
6.0
6.0
8.0
-6.0
6.0
-6.0
3.0
6.0
-6.0
6.0
6.0
-6.0
6.0
6.0
4.0
4.0
-2.3333333333333335
-2.3333333333333335
-2.0
-2.857142857142857
-4.0
-6.0
4.0
6.0
6.0
-4.0
4.0
0.0
-1.6
-6.0
-4.0
-5.0
-6.0
-4.0
-6.0
-8.0
6.0
-2.3333333333333335
6.0
6.0
4.0
4.0
10.0
6.0
4.0
-2.857142857142857
-2.857142857142857
-2.857142857142857
6.0
-3.5
6.0
-2.857142857142857
-2.857142857142857
5.0
-0.6666666666666666
-2.857142857142857
-4.0
0.0
6.0
4.0
6.0
-7.2
4.0
6.0
7.0
4.0
4.0
6.0
8.0
9.0
4.0
6.0
-7.2
-2.857142857142857
-2.857142857142857
-1.0
6.0
-6.0
-6.0
-6.0
10.0
-6.0
6.0
4.0
-1.0
6.0
6.0
4.0
4.0
9.0
4.0
4.0
-6.0
3.2
4.0
6.6
5.0
1.0
！！！！！！！！！！11埖！！！！！！！！！！
1.1666666666666667
6.0
4.0
-6.0
-6.0
-8.5
-6.0
2.0
4.0
4.0
6.0
6.333333333333333
6.0
-1.6
10.0
6.0
-2.3333333333333335
-2.3333333333333335
6.0
6.0
-2.3333333333333335
-6.0
-6.0
-1.6
6.0
0.0
-1.6
4.0
6.0
-1.6
-6.0
-1.6
6.0
-3.25
-8.0
6.0
4.0
-8.0
-6.0
6.0
-5.0
6.0
-2.3333333333333335
-2.3333333333333335
-8.0
-6.0
6.0
6.0
6.0
6.0
8.0
6.0
4.0
6.0
-4.0
-2.3333333333333335
-8.0
0.0
4.0
-6.0
4.0
-1.3333333333333333
8.0
-6.0
-2.3333333333333335
4.0
20.0
-2.3333333333333335
6.0
6.0
-6.0
6.0
-6.0
-8.0
-6.0
6.8
-6.0
-6.0
-6.0
-6.0
4.0
6.0
-6.0
6.0
4.333333333333333
-6.0
-6.0
-6.0
-6.0
-6.0
6.0
6.0
-6.0
-4.800000000000001
6.0
-6.0
6.0
10.0
10.0
6.0
-1.6
6.0
6.0
5.333333333333333
-6.0
-6.5
-6.0
4.8
4.0
4.0
4.0
-2.0
6.0
6.0
-1.6
2.6666666666666665
-4.0
-4.0
6.0
-6.0
-6.0
-6.0
12.0
6.0
-6.0
4.0
4.0
6.0
-2.6666666666666665
-6.0
-6.0
-8.0
-6.0
-0.8571428571428571
4.0
-4.0
6.0
10.0
-6.0
-8.0
-4.0
4.0
-6.0
-6.0
8.0
-6.0
8.0
-2.0
6.0
6.0
6.0
-1.6
6.0
6.0
-2.6666666666666665
6.0
-8.0
6.0
2.0
-4.0
6.0
-8.0
-2.3333333333333335
6.0
4.0
6.0
6.0
7.199999999999999
10.0
6.0
3.0
-2.3333333333333335
4.0
-6.0
4.285714285714286
10.0
12.0
-6.0
16.0
-6.0
-2.0
-4.0
-5.0
-4.0
-4.0
-12.0
-6.0
-8.0
4.0
-9.0
6.0
4.0
6.0
-4.0
6.0
-4.0
-4.0
-6.0
-6.0
-4.0
-4.0
-4.0
-6.0
3.6
-6.0
4.0
10.0
6.0
4.0
4.0
4.8
10.0
4.0
-12.288
0.0
4.0
4.0
-4.0
-6.0
-8.0
-8.0
-4.0
4.0
21.599999999999998
-4.0
-4.333333333333333
4.0
-4.0
-6.0
0.0
-4.0
6.0
-2.3333333333333335
-6.0
6.0
！！！！！！！！！！10埖！！！！！！！！！！
4.0
2.0
4.0
-4.0
-4.0
6.0
-1.0
-6.0
-4.0
-4.0
-6.0
6.0
4.0
4.0
5.333333333333333
-1.3199999999999994
-6.0
-2.3333333333333335
-1.5200000000000002
6.0
8.0
-6.0
-2.3333333333333335
-3.6
-6.0
-6.333333333333333
-2.3333333333333335
-6.0
-4.0
6.0
6.0
4.666666666666667
-2.3333333333333335
-6.0
-4.0
4.0
5.0
-2.3333333333333335
-4.0
6.0
6.0
9.0
12.0
-1.6
-1.3333333333333333
-1.0
-4.0
-6.0
-10.0
4.0
6.0
1.3333333333333333
-6.333333333333333
-6.333333333333333
-8.0
6.0
-2.3333333333333335
-6.333333333333333
-4.0
6.0
10.0
-2.0
-7.0
-2.0
0.0
-4.5
-6.0
-1.6
-4.0
4.0
7.200000000000001
0.5
-6.0
-2.3333333333333335
-6.0
-4.0
6.0
-6.0
6.0
6.0
6.0
-5.0
-6.0
-8.0
-2.3333333333333335
6.0
-6.0
6.0
6.0
4.0
6.0
-4.0
6.0
6.0
-6.0
6.0
-1.0
-6.0
6.0
6.0
6.0
6.0
4.266666666666667
6.0
6.0
4.0
-6.0
6.0
-5.760000000000001
6.0
6.0
6.0
-4.0
6.0
6.0
6.0
6.0
-4.0
-4.0
-6.0
-2.3333333333333335
-4.0
6.0
7.68
-2.4
4.0
6.0
-4.0
-6.0
-6.0
6.0
4.0
-6.0
-4.8
6.0
8.0
-4.8
-6.0
8.8
4.0
6.0
6.0
7.5
-6.0
-6.0
-6.0
-6.0
10.0
10.0
10.0
2.0
-2.0
-2.0
-4.0
-4.5
-4.0
-5.4
4.0
4.0
4.0
4.0
6.0
4.0
4.0
4.0
4.0
4.0
4.0
4.0
4.0
4.0
4.0
4.0
4.0
6.0
4.0
-4.800000000000001
4.8
6.0
6.0
-2.857142857142857
4.0
-4.0
6.0
4.0
-2.3333333333333335
-4.0
-4.0
-1.1333333333333335
-0.4
-3.6
-6.0
-6.0
-4.0
-6.0
4.0
-6.0
-2.3333333333333335
4.0
-4.0
-1.6
4.0
-4.0
4.0
-6.0
6.0
13.5
-1.6
6.0
-6.0
-4.0
-6.5
9.333333333333334
-2.3333333333333335
-2.0
4.0
-4.0
-1.6
4.0
4.0
-4.0
-1.6
-4.0
