——————————12月——————————
6.0
12.0
-4.0
-4.0
10.0
6.0
-6.0
4.0
-4.0
6.0
7.0
-4.0
10.0
-6.0
-2.3333333333333335
-6.0
-8.666666666666666
-2.3333333333333335
8.0
4.0
-9.0
8.0
16.0
4.0
-2.3333333333333335
-6.0
7.0
6.0
-2.3333333333333335
3.2
2.5
-2.3333333333333335
-6.0
4.0
-4.0
-4.0
6.0
-6.0
6.0
-6.0
4.0
-8.0
-6.0
6.0
-4.0
-6.0
-6.0
4.0
6.0
8.0
-6.0
-6.0
3.0
-6.0
-6.0
4.0
-2.3333333333333335
-2.3333333333333335
-2.0
-2.857142857142857
-4.0
-6.0
4.0
6.0
-4.0
4.0
0.0
-1.6
-6.0
-4.0
-5.0
-6.0
-4.0
-6.0
-8.0
-2.3333333333333335
4.0
4.0
10.0
6.0
-2.857142857142857
-2.857142857142857
-2.857142857142857
-3.5
-2.857142857142857
-2.857142857142857
5.0
-0.6666666666666666
-2.857142857142857
-4.0
0.0
6.0
4.0
-7.2
4.0
6.0
7.0
4.0
4.0
6.0
8.0
9.0
4.0
-7.2
-2.857142857142857
-2.857142857142857
-1.0
-6.0
-6.0
-6.0
10.0
-6.0
4.0
-1.0
6.0
6.0
4.0
4.0
9.0
4.0
4.0
-6.0
3.2
4.0
6.6
4.0
1.0
——————————11月——————————
1.1666666666666667
6.0
4.0
-6.0
-6.0
-8.5
-6.0
2.0
4.0
4.0
6.0
6.333333333333333
-1.6
10.0
-2.3333333333333335
-2.3333333333333335
-2.3333333333333335
-6.0
-6.0
-1.6
0.0
-1.6
-1.6
-6.0
-1.6
-3.25
-8.0
4.0
-8.0
-6.0
-5.0
-2.3333333333333335
-2.3333333333333335
-8.0
-6.0
8.0
-4.0
-2.3333333333333335
-8.0
0.0
-6.0
4.0
0.0
8.0
-6.0
-2.3333333333333335
20.0
-2.3333333333333335
6.0
-6.0
6.0
-6.0
-8.0
-6.0
6.8
-6.0
-6.0
-6.0
-6.0
-6.0
-6.0
-6.0
-6.0
-6.0
-6.0
-6.0
-4.800000000000001
-6.0
10.0
10.0
-1.6
6.0
6.0
5.333333333333333
-6.0
-6.5
-6.0
4.8
4.0
4.0
4.0
-2.0
-1.6
2.6666666666666665
-4.0
-4.0
-6.0
-6.0
-6.0
12.0
-6.0
6.0
-2.6666666666666665
-6.0
-6.0
-8.0
-6.0
-0.8571428571428571
4.0
-4.0
6.0
10.0
-6.0
-8.0
-4.0
4.0
-6.0
-6.0
8.0
-6.0
8.0
-2.0
-1.6
-6.0
-8.0
6.0
2.0
-4.0
-8.0
-2.3333333333333335
4.0
6.0
7.199999999999999
10.0
3.0
-2.3333333333333335
1.0
-6.0
4.285714285714286
10.0
12.0
-6.0
16.0
-6.0
-2.0
-4.0
-5.0
-4.0
-4.0
-12.0
-6.0
-8.0
4.0
-9.0
4.0
-4.0
-4.0
-4.0
-6.0
-6.0
-4.0
-4.0
-4.0
-6.0
-6.0
4.0
10.0
6.0
4.0
4.0
4.8
10.0
4.0
-12.288
0.0
4.0
-4.0
-6.0
-8.0
-8.0
-4.0
4.0
21.599999999999998
-4.0
-4.333333333333333
-4.0
-6.0
0.0
-4.0
-2.3333333333333335
-6.0
——————————10月——————————
4.0
2.0
4.0
-4.0
-4.0
-6.0
-6.0
-4.0
-4.0
-6.0
4.0
4.0
5.333333333333333
-6.0
-2.3333333333333335
-1.5200000000000002
8.0
-6.0
-2.3333333333333335
-3.6
-6.0
-6.333333333333333
-2.3333333333333335
-6.0
-4.0
4.666666666666667
-2.3333333333333335
-6.0
-4.0
4.0
4.0
-2.3333333333333335
-4.0
6.0
6.0
9.0
12.0
-1.6
-1.3333333333333333
-6.0
-4.0
-6.0
-10.0
4.0
6.0
1.3333333333333333
-6.333333333333333
-6.333333333333333
-8.0
-2.3333333333333335
-6.333333333333333
-4.0
6.0
10.0
-2.0
-7.0
-2.0
0.0
-4.5
-6.0
-1.6
-4.0
4.0
7.200000000000001
0.5
-6.0
-2.3333333333333335
-6.0
-4.0
-6.0
6.0
-5.0
-6.0
-8.0
-2.3333333333333335
-6.0
4.0
-4.0
-6.0
-8.0
-6.0
6.0
3.9200000000000004
4.0
-6.0
-5.760000000000001
-4.0
-4.0
-6.0
-2.3333333333333335
-4.0
7.68
-2.4
4.0
6.0
-4.0
-6.0
-6.0
-6.0
-4.8
8.0
-4.8
-6.0
8.8
-6.0
-6.0
-6.0
10.0
10.0
10.0
2.0
-2.0
-2.0
-4.0
-4.5
-4.0
-5.4
4.0
4.0
4.0
4.0
6.0
4.0
4.0
4.0
4.0
4.0
4.0
4.0
4.0
4.0
4.0
4.0
4.0
6.0
4.0
-4.800000000000001
4.8
6.0
-2.857142857142857
4.0
-4.0
6.0
4.0
-2.3333333333333335
-4.0
-4.0
-1.1333333333333335
-0.4
-3.6
-6.0
-6.0
-4.0
-6.0
4.0
-6.0
-2.3333333333333335
4.0
-4.0
-1.6
4.0
-4.0
4.0
-6.0
6.0
-1.6
6.0
-6.0
-4.0
-6.5
9.333333333333334
-2.3333333333333335
-2.0
4.0
-4.0
-1.6
4.0
4.0
-4.0
-1.6
-4.0
-6.0
-4.0
-4.0
——————————09月——————————
-1.0
-20.0
1.0
6.0
6.0
4.0
4.0
-6.0
-4.0
-9.0
6.800000000000001
8.0
-2.8000000000000007
-3.2
-6.0
2.0
-4.0
6.0
10.0
-6.0
4.0
-4.0
8.0
-4.0
-11.52
-8.0
6.0
7.0
-7.199999999999999
-1.5
-8.0
-2.3333333333333335
-6.0
-4.0
4.0
8.0
4.0
-1.6
4.0
8.0
-6.0
2.0
-6.0
-6.0
10.0
5.0
-6.0
-6.0
-6.0
-8.0
6.0
-6.0
-6.0
6.0
-6.0
4.0
-36.0
-6.0
-1.6
6.0
6.0
-4.0
-2.3333333333333335
-4.0
-2.3333333333333335
7.0
1.0
-6.0
-6.0
6.4
4.0
-3.2
-7.5
4.0
-6.0
-6.0
-6.0
-6.0
-6.0
9.0
-8.0
-4.0
-4.0
-6.0
4.0
-6.0
-2.6666666666666665
-6.0
-6.0
-4.0
-6.0
-6.0
4.0
8.0
4.0
-1.6
6.0
-5.0
-6.0
-6.0
8.0
1.0
1.0
-6.0
9.0
-8.0
-6.0
-6.0
-6.0
-1.6
-1.6
4.0
12.0
6.0
-6.0
-6.0
4.0
-6.0
-1.6666666666666667
6.0
-2.3333333333333335
-2.3333333333333335
-4.0
4.0
-6.0
-2.3333333333333335
-8.0
-6.0
-6.0
4.666666666666667
-4.0
-0.5999999999999996
4.0
-6.0
-6.0
7.0
8.0
6.0
4.0
-6.0
-3.5
-2.0
6.0
4.0
8.0
8.0
-8.0
-2.0
-7.5
-2.3333333333333335
-4.0
-6.0
4.0
-1.6
4.666666666666667
6.0
4.0
4.0
-1.6
-4.0
10.0
-2.3333333333333335
-4.0
3.0
-6.0
-3.0
1.2800000000000002
4.0
4.0
-1.6
-6.0
-6.0
-4.0
-2.3333333333333335
-4.0
-4.0
-1.5
8.0
1.3333333333333333
-8.0
4.0
-4.0
4.0
6.0
4.0
7.5
6.0
2.3333333333333335
-6.0
-4.666666666666667
-1.6
-4.0
-6.0
-1.6
-6.0
-4.0
-2.3333333333333335
-4.0
5.333333333333333
6.0
4.0
8.0
7.0
-8.0
7.0
8.0
-8.0
6.0
-1.6
-4.0
-6.0
-1.6
-6.0
2.0
-6.0
-1.6
4.0
4.0
6.0
-6.0
4.0
4.0
-6.0
-1.6
-6.0
6.0
8.0
-6.0
-6.0
-0.7999999999999998
-8.0
7.0
-6.0
-6.0
-8.0
-4.8
-4.0
-12.0
-6.0
-4.0
-6.0
-1.6
-6.0
4.0
6.0
4.0
-1.6
-6.0
10.0
-1.6
-3.2
5.0
——————————08月——————————
-6.0
-1.6
-6.0
-8.0
-6.0
8.0
-8.0
4.0
4.0
-12.0
-2.5600000000000005
-6.0
4.0
0.0
6.0
6.0
-1.6
3.0
4.0
2.0
-1.6
4.0
-3.5
6.0
-4.0
-6.0
-2.3333333333333335
-6.0
4.0
-7.5
6.0
-2.3333333333333335
-4.0
2.0
4.0
4.0
-4.0
0.9333333333333336
-2.0
9.0
-4.0
-1.6
-5.0
-6.0
2.4000000000000004
-6.0
-6.0
0.0
6.0
-6.0
4.0
4.0
-8.0
-2.888888888888889
10.0
6.0
-1.6
-8.0
-6.0
2.0
-6.0
1.5
7.0
-4.0
2.0
6.0
-8.0
-4.0
2.0
7.199999999999999
-4.0
4.375
-2.3333333333333335
7.0
-8.0
6.0
6.0
4.0
4.0
4.0
5.333333333333333
6.0
-6.0
6.0
-6.0
-8.0
-6.0
7.199999999999999
6.0
4.0
-1.0
0.0
0.0
-4.0
6.0
-2.3333333333333335
-6.0
-2.0
7.9
4.0
-8.0
-6.0
-5.7
-8.0
8.0
-6.0
-6.0
-6.0
6.0
8.0
-1.6
-6.0
-6.0
6.0
-6.0
-6.0
-5.0
-1.2
-6.0
4.0
4.0
6.0
6.0
8.0
10.0
-1.6
6.0
6.0
7.0
6.0
-2.5
-6.0
0.0
6.0
-9.6
4.0
6.0
6.0
4.0
4.0
5.0
6.0
4.0
7.333333333333333
6.0
6.0
6.0
5.0
6.0
6.0
6.0
6.0
6.0
6.0
6.0
4.0
6.0
6.0
-7.0
5.0
-8.0
-4.0
6.0
6.0
6.0
6.0
6.0
6.8
-6.0
6.0
4.0
6.0
9.0
6.0
9.0
6.0
4.0
9.0
6.0
6.0
6.0
9.0
6.0
6.0
-1.0
6.0
6.0
6.0
6.0
6.0
6.8
-6.0
9.6
6.0
6.0
6.0
8.0
-1.6
8.0
8.0
-6.0
-4.0
-6.0
2.6666666666666665
3.3333333333333335
-4.0
7.333333333333333
1.1999999999999997
6.0
8.0
6.0
-4.0
-6.0
-6.0
6.0
-8.0
-4.8
6.0
8.0
6.0
6.0
6.0
6.0
6.0
6.0
6.0
6.0
9.0
6.0
6.0
4.0
7.0
6.0
6.0
6.0
10.0
6.0
6.0
6.0
6.0
8.0
4.0
6.0
20.25
10.0
10.0
6.0
6.0
6.0
-6.0
6.0
6.0
6.0
9.0
-6.0
6.0
6.0
-6.0
6.0
-6.0
6.0
9.0
6.0
4.0
6.0
9.0
-2.0
6.0
0.0
-1.3333333333333333
6.0
4.0
6.0
-6.0
0.8
-1.6
6.0
-4.0
-2.5
8.0
-1.25
6.0
8.0
6.0
-10.0
6.0
6.0
7.0
4.0
4.285714285714286
6.0
0.0
5.2
-6.0
6.0
-4.0
-4.0
0.0
-4.0
6.0
-3.0
4.0
-4.0
-6.0
10.0
-4.0
-6.0
-6.0
-6.0
2.0
5.333333333333333
-6.0
-2.857142857142857
1.0
6.0
-4.0
-4.0
-2.857142857142857
18.0
9.6
-4.0
6.0
-6.0
-4.0
-4.0
-1.0
4.0
-4.0
-2.0
4.0
6.0
-4.0
6.0
4.0
-4.0
8.0
-4.0
-4.0
8.0
6.0
6.0
-3.2
-4.0
-2.857142857142857
1.6
-4.0
-4.0
-4.0
-2.3333333333333335
-4.0
-6.0
-6.0
-6.0
-8.0
-2.857142857142857
-6.0
-6.0
4.0
-6.0
6.0
-6.0
-6.0
-9.0
4.266666666666667
-2.857142857142857
-6.0
-4.0
1.0
-4.0
-2.3333333333333335
4.0
-6.0
-7.0
6.0
4.0
-2.3333333333333335
-4.0
-6.0
6.0
-8.639999999999999
6.0
-4.0
-2.857142857142857
2.0
4.0
4.0
2.0
4.0
4.0
-3.0
-6.0
-6.0
-6.0
-4.0
2.6666666666666665
-6.0
-2.857142857142857
4.0
12.0
-4.0
-3.0
6.0
-6.0
6.0
-4.0
-2.0
0.0
-8.0
-6.0
-6.0
-4.0
9.0
-6.4
-4.0
-1.3333333333333333
-6.0
-7.199999999999999
-2.3333333333333335
-4.0
-4.0
2.0
6.666666666666667
-0.125
-4.0
6.4
-7.0
8.0
-6.0
-6.0
0.0
2.0
6.0
8.0
3.2
-1.0
6.0
6.0
-2.9
-8.0
2.5
2.0
-6.0
4.0
4.0
-4.4
-4.0
-4.0
4.0
-8.0
2.5
1.3333333333333333
4.0
6.0
6.0
-8.0
-6.0
9.0
-6.0
-6.0
-7.333333333333333
4.0
2.0
7.0
8.0
3.3333333333333335
6.0
6.0
4.0
-6.0
-8.0
-6.0
-4.0
-6.0
4.0
6.0
-4.0
2.0
-3.2
6.0
6.0
6.0
6.0
-8.0
-6.0
-8.0
4.0
4.0
10.0
5.0
2.6666666666666665
0.0
2.0
-3.3000000000000007
-6.0
6.0
-5.0
1.5
-2.3333333333333335
-4.0
10.0
-4.0
——————————07月——————————
-4.0
-2.857142857142857
-4.0
4.0
8.0
6.0
6.0
-2.0
6.0
6.75
-6.0
-6.0
-12.0
-8.0
-8.0
5.0
3.3333333333333335
-6.0
-2.857142857142857
1.9
0.5
-6.0
-4.0
-1.0
-2.0
5.0
-8.0
0.0
-7.8
-6.0
-4.0
6.0
-6.0
2.0
-8.0
-6.0
-6.0
6.0
-6.0
6.0
7.199999999999999
6.0
-6.0
-1.0
2.3
-6.3999999999999995
-4.0
-6.0
-6.0
-6.2
-6.0
-6.0
3.3333333333333335
-8.0
-6.0
-6.0
-5.0
-6.0
-8.0
4.0
6.0
-6.0
-8.0
-4.0
-8.0
-6.0
8.0
-8.0
4.0
-4.0
-6.0
4.0
5.0
6.0
-1.0
7.0
8.0
-6.0
-6.0
-4.0
-6.0
-3.2
-2.4
-4.0
6.0
-6.6
-6.0
-4.0
-4.0
4.0
-6.6
-6.0
-8.0
4.0
-3.2
-1.0
-4.0
-6.0
-6.0
-6.0
5.6
-6.0
-6.0
-2.3333333333333335
-8.0
-8.0
6.0
-6.0
4.0
-4.0
2.0
-4.0
-4.0
6.0
-6.0
-6.0
-6.0
-6.0
10.0
-4.0
4.0
-6.0
-6.0
-12.0
4.800000000000001
-6.0
-6.0
-7.0
7.0
0.0
7.0
2.0
-8.0
7.0
6.0
-4.8
6.8
4.0
-8.0
-6.0
6.0
-4.0
8.0
-4.8
-4.0
-4.0
-6.0
-4.0
-4.0
-6.0
-6.4
-6.0
-12.0
6.0
6.0
-4.285714285714286
-6.0
-4.0
6.0
-6.0
-4.0
-6.0
-6.0
6.0
-2.0
-2.857142857142857
-6.0
-4.0
11.6
8.0
-1.0
4.666666666666667
4.666666666666667
-8.0
-6.0
-4.285714285714286
4.0
-6.0
-6.0
-2.3333333333333335
-4.0
-6.0
4.0
-4.666666666666667
-2.3333333333333335
-6.0
6.0
3.2800000000000002
8.0
0.0
4.0
-6.0
7.0
0.0
-5.5
10.0
-4.0
4.0
-4.0
-6.0
4.8
-0.6399999999999999
-1.3333333333333333
-2.857142857142857
8.0
2.0
10.0
-6.0
-4.666666666666667
-6.0
0.0
-2.857142857142857
-4.666666666666667
2.0
10.0
3.5
-2.857142857142857
-8.0
-3.5
6.0
4.0
-10.0
4.0
-6.0
-6.0
-4.0
-9.0
0.0
6.0
6.0
-6.0
6.0
6.0
0.0
-8.0
-4.0
-8.0
-6.0
-7.0
-6.0
-6.0
-6.0
-6.0
-6.0
-8.0
6.0
8.0
-5.0
-8.0
10.0
-8.0
8.0
0.0
-8.0
-6.0
6.0
-6.0
-6.0
-2.857142857142857
6.0
-4.0
-4.666666666666667
6.0
7.0
4.0
-6.0
-6.0
-6.0
-6.0
0.0
-4.0
-6.0
4.0
0.0
-4.0
-6.0
-6.0
8.0
10.0
-4.0
6.0
-4.666666666666667
-6.2
-6.2
-6.0
-1.0
-6.666666666666667
0.0
-6.0
-12.0
-6.0
-6.0
-1.6
4.0
-6.0
-6.0
10.0
4.0
10.0
4.0
-7.0
-6.0
-1.6
-6.0
0.7711999999999994
4.0
4.0
-6.0
6.0
4.0
4.0
-5.0
4.0
-5.0
6.0
0.0
-6.4
4.0
-6.0
6.0
6.0
-6.0
5.333333333333333
1.0
4.0
6.0
6.0
6.0
4.0
6.666666666666667
7.333333333333333
-5.0
-4.0
0.5
-2.5
6.0
-2.0
-5.0
-3.6
-6.0
6.0
-4.0
8.0
-1.6
-4.0
-1.0
-1.0
-10.0
-6.0
-6.0
-5.0
-2.0
6.0
6.0
-4.0
10.0
6.0
4.0
-1.6
4.0
6.0
-6.0
-5.0
10.0
-4.0
6.0
-6.0
-6.0
8.0
-8.0
-5.0
6.0
-5.0
-8.0
-2.3333333333333335
2.0
-1.6
-4.0
-4.0
-5.0
6.0
1.0
-4.0
-1.0
5.866666666666667
-1.6
-5.76
-6.0
-1.0
-6.0
-5.0
4.0
-6.0
0.0
-4.0
-8.0
-6.0
10.0
6.0
4.0
6.0
0.0
-6.0
-6.0
-16.0
6.666666666666667
-5.0
-6.0
16.0
4.0
12.0
-3.0
4.0
-6.0
16.0
-6.0
-6.0
-4.0
-5.0
4.0
9.0
-5.0
6.0
-8.0
6.0
-6.0
7.199999999999999
-4.4
-2.3333333333333335
-6.0
2.0
4.0
6.0
-4.0
6.0
-6.0
7.0
8.0
-6.0
6.0
6.0
2.0
6.0
-6.333333333333333
-4.0
-10.0
-1.0
-6.0
2.0
8.0
-5.0
4.0
4.0
-6.0
8.0
6.0
-6.0
4.0
-6.0
6.0
-6.0
-4.0
-5.0
-3.25
-5.0
-2.3333333333333335
-8.0
4.0
-8.0
6.0
-2.6666666666666665
-2.3333333333333335
4.0
8.0
-8.0
-9.0
4.0
12.0
4.0
-4.0
4.0
7.0
-6.0
8.0
-5.0
4.0
6.0
4.0
8.0
8.0
6.0
-6.0
-4.0
-4.0
4.0
-1.3333333333333333
15.0
-0.5
6.0
-6.0
6.0
-6.0
7.0
6.0
1.0
2.0
4.666666666666667
5.0
——————————06月——————————
-6.0
0.0
4.0
-6.0
-6.0
-6.0
-6.0
-2.857142857142857
-6.0
-2.3333333333333335
-6.0
-6.0
-6.0
-5.0
-4.800000000000001
-6.2
4.0
4.0
-6.0
4.0
4.0
6.4
-5.6
-4.8
-6.0
-6.0
-1.0
4.0
-4.8
-8.0
6.0
-6.0
-5.4
6.0
4.0
-7.199999999999999
4.666666666666667
-8.0
-6.0
-4.0
-12.0
6.0
-6.0
-4.0
-6.0
-6.666666666666667
6.0
5.88
1.3333333333333333
-1.0
-10.0
6.0
8.0
-6.0
-6.0
-8.0
1.3333333333333333
-5.0
-2.2
6.0
-4.0
8.0
-1.7333333333333334
8.0
-6.0
2.3333333333333335
-2.857142857142857
0.13333333333333344
2.3333333333333335
4.0
6.0
8.0
-5.0
4.0
-4.6
5.333333333333333
8.0
-6.0
-8.0
6.0
-4.5
-4.800000000000001
-6.0
-5.0
-4.0
0.0
1.0
-6.0
-1.3333333333333333
4.0
-6.0
2.0
7.0
-4.0
6.0
4.0
-3.0
-8.0
-6.0
-0.5257142857142857
8.0
-4.0
-6.0
5.0
5.733333333333333
-5.0
-2.3333333333333335
-3.3333333333333335
4.8
4.0
2.0
-1.8
-6.0
-8.0
6.0
4.0
16.0
-6.0
-6.0
-6.0
-6.0
-1.5999999999999999
8.0
6.0
-0.8
4.0
-4.0
-1.0
-6.0
-7.199999999999999
4.0
-6.0
4.0
-2.0
-6.0
4.0
6.0
6.0
4.0
2.0
0.13333333333333344
2.3333333333333335
4.8
6.0
6.0
4.4
-6.0
6.0
-6.0
6.0
-6.0
6.0
4.0
4.0
4.0
-5.333333333333333
-2.857142857142857
4.0
6.0
1.0
-2.6666666666666665
6.0
1.0
-6.0
-2.857142857142857
-3.0
4.0
-8.0
-5.333333333333333
-2.0
4.0
8.0
-6.0
-8.639999999999999
12.0
-6.0
4.0
-6.0
-6.0
1.0
-2.6666666666666665
-2.6666666666666665
4.0
0.0
4.0
6.0
0.0
-6.0
4.0
1.5
0.0
-6.0
-6.0
4.3999999999999995
0.3999999999999999
1.0
-6.0
4.3999999999999995
4.0
0.0
-7.199999999999999
-4.0
-9.0
10.0
-10.0
6.0
-6.0
-6.0
4.0
-2.0
2.0
6.0
4.0
-8.0
-6.0
-2.857142857142857
-5.4
-6.0
-6.0
4.0
-6.0
-6.0
4.0
6.0
1.0
4.0
-6.0
-6.0
8.0
-6.0
-6.0
-6.0
-2.857142857142857
4.0
-6.0
-5.0
2.0
-6.0
6.0
-6.0
4.0
-6.0
9.0
4.0
-6.0
-8.0
-6.0
7.0
-6.0
-8.0
4.0
0.0
-6.0
1.0
-6.0
4.0
-5.333333333333333
6.0
-6.0
-3.0
-6.0
-4.8
-6.0
7.0
-6.0
-8.0
-6.0
-6.0
-4.285714285714286
-4.0
4.0
-10.0
-6.0
-6.0
6.0
-1.0
-4.0
-6.0
2.6666666666666665
4.0
-2.0
4.0
8.0
-4.800000000000001
-6.0
4.0
-6.0
4.0
-2.625
6.0
-3.6
-3.5
-4.0
4.0
0.0
-9.0
-8.0
0.0
-8.0
6.0
8.0
6.0
0.0
6.0
8.0
-6.0
0.2999999999999998
-6.6
7.0
-6.0
-1.0
6.0
6.0
8.0
-5.0
-6.0
-2.0
-6.0
-6.0
-6.0
-5.0
-6.0
-6.0
0.0
6.5
-6.0
-8.0
-8.0
-4.0
-7.0
6.0
6.0
4.0
-4.0
-3.2
-3.6
6.0
-6.0
-8.0
-6.0
-6.0
-4.0
10.0
6.0
-6.0
4.0
-6.0
8.0
-6.0
8.0
-6.0
6.0
-6.0
4.0
-8.0
4.0
-6.0
8.0
-8.0
-1.3333333333333333
-6.0
1.0
2.0
-2.0
4.0
3.0
4.0
-2.857142857142857
3.0
4.0
4.0
6.0
-3.3333333333333335
-6.0
-1.3333333333333333
6.0
2.0
-6.0
-9.0
10.0
-6.0
-4.0
1.0
0.0
4.0
-6.0
2.0
6.0
-6.0
0.0
6.0
-6.0
6.0
6.0
6.0
3.0
6.0
6.0
-8.0
6.0
-5.304
-2.857142857142857
-1.0
5.6
6.0
6.0
-6.0
-6.0
-6.0
0.20000000000000018
4.0
-2.857142857142857
6.0
4.0
-4.0
6.0
-6.0
4.0
-1.0
-2.3333333333333335
-6.0
-5.0
-4.0
-6.0
4.0
-2.857142857142857
-5.0
-6.0
-6.0
-2.857142857142857
-6.0
-4.0
-6.0
-6.0
8.0
3.2
-6.0
-6.0
-6.0
-8.0
-8.1
-2.0
-2.0
1.0
-6.0
-6.0
-12.0
12.0
2.0
-6.0
8.0
-7.0
-2.3333333333333335
-6.0
6.0
-4.0
-2.6666666666666665
4.0
-3.6
-6.0
-6.0
-6.0
-16.0
5.0
5.0
6.0
8.0
-4.0
4.0
-7.8
6.0
4.0
1.0
7.4
-6.0
-6.0
6.0
-1.0
4.0
0.0
-4.0
-6.0
4.0
6.912
-5.4
-5.0
-9.0
-6.0
1.0
7.0
6.0
-4.0
-4.0
-4.0
-6.0
5.4
-7.0
-6.0
-1.0
5.0
-15.0
4.0
0.5999999999999996
-6.0
4.0
-6.0
-6.0
-6.0
4.0
6.0
-4.0
-6.0
6.0
6.0
5.0
4.666666666666667
6.0
6.0
-6.0
6.0
0.0
2.0
-2.6666666666666665
-2.5714285714285716
-6.0
-6.0
0.0
-6.0
-6.0
-1.6
-6.0
-4.0
6.0
-6.0
-6.0
-6.0
-6.0
-6.0
-4.800000000000001
-6.0
-6.0
1.0
1.0
-6.0
4.0
-6.0
0.0
2.3333333333333335
6.0
6.0
7.2
-8.666666666666666
-8.0
-4.0
-4.257142857142857
2.5
-1.0
4.0
-2.2
-6.0
-6.0
-5.8
-3.2
-6.0
8.666666666666666
0.0
-4.4
1.2000000000000002
-4.0
-4.0
6.0
-4.0
3.5
-6.0
-1.0
6.0
-6.0
-7.0
-6.0
-6.0
-4.0
4.0
1.0
-6.0
-6.0
-6.0
-6.0
-4.0
5.0
-4.0
-6.0
0.39999999999999974
4.0
2.0
-4.0
-4.8
-2.0
11.0
-1.0
-6.0
6.0
6.0
-6.0
-6.0
-6.0
-3.0
-8.0
-6.0
-6.0
-6.0
-6.0
-6.0
4.0
-6.0
6.0
-1.6
2.0
-6.0
-6.0
6.0
-6.0
-8.0
4.0
-6.0
5.0
6.0
-6.959999999999999
-6.0
-2.0
-8.0
6.0
6.0
-6.0
-6.0
-6.0
-4.0
-6.0
7.0
-6.0
4.0
-6.0
0.8
2.0
-5.0
-6.0
-4.0
1.0
-4.0
6.0
-2.0
6.0
4.0
6.0
-6.0
4.800000000000001
6.0
6.0
-6.0
-6.0
-2.3333333333333335
-6.0
-3.2
12.0
8.0
6.0
4.0
2.4
8.0
2.0
6.0
-2.0
6.0
5.0
-4.0
6.0
0.5999999999999996
8.0
4.8
3.0
6.0
-6.0
-6.0
-6.0
4.0
8.0
4.0
4.0
-6.0
10.0
-1.3333333333333333
2.0
-4.8
4.0
-6.0
-6.0
2.4
6.0
4.0
4.0
4.0
1.0
-6.0
-6.0
12.0
6.0
7.0
4.0
-0.6
7.333333333333333
4.0
-4.0
9.5
-1.0
7.199999999999999
8.0
7.199999999999999
8.5
8.0
10.0
12.0
6.0
-6.0
4.0
1.0
-6.0
-6.0
-6.0
4.0
-6.0
-8.0
-6.0
4.0
4.0
4.0
-6.0
-1.0
-6.0
-6.0
-6.0
-6.0
8.0
6.0
-4.0
4.0
6.0
6.0
6.0
-6.0
1.5
-4.0
-1.6
-6.0
-6.0
4.0
——————————05月——————————
18.0
6.0
4.0
4.0
4.0
-8.0
-8.0
-8.0
-2.0
-8.0
10.0
0.0
-3.2
-8.0
-4.0
9.6
-2.0
-6.0
6.0
-10.0
4.0
-6.0
-1.6
-6.0
-5.5
10.0
4.0
10.0
4.0
1.0
-6.0
-2.3333333333333335
10.0
-5.5
-6.0
6.0
4.0
4.0
2.5
-6.0
0.0
-6.0
-3.6
-6.0
-6.0
1.0
6.0
4.0
9.0
4.0
8.0
6.0
4.0
8.5
10.0
0.4999999999999998
10.0
-1.6
-6.0
-6.0
-6.0
1.2266666666666666
4.0
8.0
2.5
6.0
6.0
4.0
4.0
-2.32
8.0
5.333333333333333
-6.0
10.0
7.6
10.639999999999999
1.0
-3.6
4.0
8.0
-5.6
4.0
7.199999999999999
7.0
-6.0
4.0
4.0
4.0
4.0
-6.0
-8.0
-6.0
-2.3333333333333335
-6.0
-5.0
0.0
0.0
6.0
-6.0
-6.0
6.0
4.0
-1.0
8.0
8.0
12.0
4.0
-6.0
-9.0
6.0
-4.0
4.8
-6.0
-1.6
9.0
-6.0
4.0
-6.0
-6.0
2.0
-5.0
-7.0
-7.5
-3.2
-6.0
-6.0
-4.0
-6.0
-7.199999999999999
6.0
-6.0
-6.0
-6.0
-6.0
-5.6
-1.6
-6.0
-2.857142857142857
-6.0
-6.0
4.0
4.0
3.3333333333333335
5.0
4.0
5.0
0.0
-6.0
-7.333333333333333
-0.3333333333333333
-6.0
-6.0
6.0
-6.0
-6.0
-6.0
-6.0
-6.0
-4.0
6.0
10.0
5.333333333333333
-6.0
6.0
-6.0
-0.4
0.0
-6.0
-6.0
-6.0
4.0
-6.0
5.1
-6.0
-5.0
0.5
-6.0
4.0
-4.0
-8.0
0.0
-6.0
-6.0
-5.666666666666667
-6.0
-6.0
-6.0
-8.0
2.0
-5.0
-4.0
-6.0
-7.0
-6.0
-6.0
10.0
-8.639999999999999
0.0
4.0
-4.0
-4.8
4.0
6.0
-3.5
6.0
6.0
4.0
4.0
6.0
0.0
-6.0
3.6
-6.0
-1.0
-6.0
4.0
-6.0
4.0
8.0
-2.857142857142857
-1.3333333333333333
-6.0
4.0
-6.0
-6.0
-6.0
4.0
-6.0
-1.3333333333333333
-6.0
10.0
-6.0
-6.0
-4.0
-5.5
-6.0
2.0
-6.0
-4.0
10.0
-8.0
4.0
3.3333333333333335
0.0
-6.0
-5.6
-6.0
4.800000000000001
-5.5
-6.0
-4.0
-5.5
4.0
-8.0
3.8400000000000007
2.0
-4.0
-6.0
-6.0
4.0
-5.6
-6.0
4.0
4.0
6.0
4.0
6.0
3.5
0.0
6.0
6.0
6.0
6.0
6.0
7.0
6.0
12.0
-1.3333333333333333
-6.0
7.0
-6.0
-6.0
-4.0
-6.0
4.0
8.0
-6.0
-6.0
-6.0
-6.0
4.0
-4.0
1.7999999999999998
4.0
6.0
-6.0
-4.0
0.0
-6.0
-6.0
6.0
-6.0
-3.6
-6.0
4.0
-6.0
-6.0
-4.0
-2.0
3.9
-5.0
4.0
4.0
-6.0
4.0
4.0
-4.0
6.0
-4.0
-6.0
6.0
-6.0
-6.0
-8.0
-1.3333333333333333
0.0
-3.3600000000000003
6.0
-6.0
-6.0
6.0
-6.0
-6.0
-6.0
-6.0
-6.0
-4.0
-3.2
-6.0
5.0
-6.0
9.0
-6.0
8.0
-6.0
-6.0
-6.0
1.6666666666666667
-6.0
-7.0
-6.0
-4.0
-4.0
-4.0
6.0
4.0
-6.0
-6.0
-6.0
-6.0
4.0
-6.0
-4.8
4.0
6.0
5.0
-4.0
2.0
6.0
6.0
-6.0
-6.0
-6.0
6.0
8.0
-3.4
4.0
1.3333333333333333
-6.0
-6.0
-6.0
8.0
-6.0
-6.2
8.0
8.0
4.0
8.0
-6.0
8.0
-6.0
6.0
-5.333333333333333
-9.0
-6.0
-6.0
3.2
-6.0
4.0
-6.0
4.0
-6.0
-6.0
-8.0
-6.0
6.0
6.0
-6.0
4.0
-4.8
6.0
-4.0
16.0
-6.0
-6.0
7.333333333333333
-6.0
-8.0
-4.0
6.0
-8.0
-6.0
4.0
3.0
-6.0
-6.0
6.0
-6.0
-6.0
6.0
-2.0
-6.0
-5.75
6.0
4.0
——————————04月——————————
3.2000000000000006
-6.0
-3.2
-6.0
5.066666666666666
4.0
-5.6
-3.6666666666666665
-6.0
-6.0
-6.0
4.4
3.5
3.5
3.5
-7.199999999999999
-6.0
-6.0
9.600000000000001
-6.0
-6.0
6.0
-6.0
0.6599999999999997
-0.5600000000000002
0.0
8.0
-6.0
-4.0
6.0
-6.0
-5.0
-8.0
0.0
0.0
6.0
-5.0
1.0
-6.0
5.0
8.0
6.0
-6.0
-6.0
-10.0
2.8666666666666667
9.0
-3.2
8.0
-6.0
0.5
-4.0
-7.0
4.0
6.0
5.0
-6.0
-4.0
-4.0
-10.0
-4.0
-6.0
6.0
-4.0
-6.0
-2.0
-6.0
-6.0
-4.0
-4.0
-4.0
-5.4
4.0
-4.0
-4.0
4.333333333333333
-4.0
6.0
8.0
-1.2
-6.0
-4.800000000000001
-6.0
-8.0
-4.0
-6.0
4.0
6.0
4.0
-6.0
2.0
-6.0
-4.0
-6.0
4.0
-2.3333333333333335
-4.0
-6.0
-6.0
-4.0
-4.0
-4.0
-4.0
2.0
4.0
-2.5
-4.0
-6.0
-5.0
4.0
4.0
8.0
-4.0
13.5
6.0
2.0
4.0
4.0
4.0
6.0
1.3333333333333333
2.0
-6.0
4.0
3.0
-4.0
6.0
10.0
8.0
-4.0
-6.0
8.0
6.0
-6.0
-6.0
-20.25
-4.800000000000001
-6.0
-6.0
2.0
-6.0
6.0
-6.0
8.0
-8.0
-8.0
8.0
6.0
4.0
24.0
4.0
-6.0
-6.0
4.0
0.9813333333333342
0.0
6.0
6.0
9.6
-4.800000000000001
-6.0
8.0
-6.666666666666667
6.0
-4.800000000000001
-4.800000000000001
-6.0
6.0
-6.0
0.0
6.666666666666667
-6.0
-6.0
-4.800000000000001
-6.0
-6.0
-6.0
0.0
0.9813333333333342
-6.0
6.0
-6.0
-4.800000000000001
-8.0
-6.0
-4.800000000000001
3.5
-6.0
-6.0
-6.0
0.0
8.0
0.9813333333333342
6.0
-6.0
-6.0
-2.6666666666666665
-4.800000000000001
-2.0
-8.0
-6.0
-7.333333333333333
6.0
-8.0
6.0
-2.9333333333333336
-4.0
-5.0
-6.0
-6.0
-6.0
4.0
2.0
0.0
-8.0
-8.0
0.0
6.3999999999999995
0.0
-3.0
12.0
-8.0
-4.800000000000001
4.0
-6.0
-6.0
-8.0
-7.199999999999999
-6.0
-2.0
-7.333333333333333
4.0
-6.0
8.0
2.4
6.0
-6.0
-4.0
-5.333333333333333
6.0
6.0
-12.0
-6.0
-4.0
-15.0
-6.0
8.0
5.0
3.0
0.0
-6.0
0.0
-6.0
-6.0
-6.0
6.0
6.0
-4.0
5.5
-6.0
-5.0
-6.0
-4.0
8.0
0.0
-24.0
-2.4
-6.0
-6.0
-8.0
-10.799999999999999
4.0
-6.0
-8.0
-6.0
2.0
-6.0
-6.0
5.0
-2.0
6.0
5.0
2.0
-6.0
-9.0
6.0
4.666666666666667
-8.0
-2.6666666666666665
5.0
-5.0
-6.0
6.0
6.0
-6.0
-8.0
7.0
-5.0
12.0
4.0
16.0
-3.3333333333333335
4.0
-6.0
-6.0
4.0
8.0
4.666666666666667
-6.0
6.0
4.0
-6.0
-2.2399999999999998
-6.0
-6.0
-6.0
-6.0
1.0
-6.0
-6.0
-6.0
-4.0
-6.4
4.0
-6.0
3.2
3.2
6.0
-4.800000000000001
2.0
8.0
4.0
-1.0
6.0
-4.0
-5.333333333333333
8.0
-6.0
-6.0
-6.0
-6.0
-4.0
-6.0
-4.0
4.0
0.0
4.0
-6.0
-6.0
6.0
2.0
-4.0
2.6666666666666665
-7.0
-6.0
-6.0
7.0
4.0
2.0
4.0
8.0
6.0
8.0
-6.0
-6.0
-6.0
6.0
-6.0
6.0
4.0
-2.4
-6.0
-0.6666666666666666
8.0
-5.333333333333333
6.0
4.0
-4.0
-6.0
-8.0
6.0
-4.0
-4.6
12.0
0.0
-6.0
-0.5
-6.0
-6.0
1.0
1.7333333333333332
-6.0
5.333333333333333
2.0
-6.0
-6.0
10.0
-6.0
-8.0
6.0
-8.639999999999999
-8.0
6.0
-6.666666666666667
-5.333333333333333
-6.0
2.0
-6.0
-6.0
-6.0
-6.0
-6.0
-6.0
6.0
5.333333333333333
-6.0
8.0
6.3999999999999995
6.0
6.0
-6.0
6.666666666666667
6.0
7.333333333333333
6.0
6.0
8.0
6.0
5.0
6.0
6.0
6.0
8.0
6.0
8.0
6.0
4.0
-2.5
6.0
-6.0
4.0
8.0
3.0
4.0
5.0
6.0
2.0
6.666666666666667
6.0
6.0
6.0
6.0
0.0
-6.0
6.0
6.5
6.0
-6.0
6.0
6.0
6.666666666666667
7.199999999999999
6.0
6.5
2.0
6.0
6.0
6.0
6.0
6.0
6.0
6.0
6.0
6.0
6.0
6.0
6.0
5.0
6.0
4.666666666666667
6.0
7.0
6.0
8.0
6.0
6.0
4.5
4.0
6.0
6.0
6.0
6.0
-1.3333333333333333
5.0
4.0
6.0
-6.0
-6.0
-10.0
-4.16
4.0
-6.0
-6.0
-4.0
-6.0
-8.0
5.0
-6.0
-4.0
-6.0
-5.0
-5.333333333333333
-4.0
-6.0
-6.0
8.0
-4.0
-6.0
-6.0
-6.0
-6.0
4.0
-6.0
0.0
-2.0
-8.0
6.0
-6.0
-6.0
4.0
-6.0
-8.0
-4.0
-6.0
-10.0
-6.0
-6.0
-10.0
-4.0
6.0
-10.0
-6.0
-3.2
1.5
0.0
1.0
0.0
-9.0
12.0
1.0
-6.0
-5.0
8.0
-8.0
7.5
-8.0
-7.199999999999999
6.0
-6.0
-3.2
6.0
0.0
-4.0
-7.6
4.0
-6.0
-3.0
4.0
-5.0
-7.199999999999999
-6.0
6.0
1.7999999999999998
6.0
-6.0
1.0
10.0
-8.0
-7.0
-4.0
-4.0
-6.0
-4.0
6.0
2.0
16.0
-6.0
-6.0
2.0
-8.0
6.0
-4.0
-6.0
-6.0
-6.0
7.199999999999999
-6.0
-1.0
6.0
-6.0
8.8
4.0
-4.0
-2.5
6.0
1.8666666666666665
1.6000000000000003
-6.0
-6.0
-6.0
-4.0
-6.0
8.0
-6.0
6.0
4.8
-8.8
-1.5
-1.0
3.84
-7.0
-4.0
-6.0
0.0
-6.0
-1.6666666666666667
6.0
-6.0
-8.0
-4.0
4.0
2.4
6.0
7.0
7.0
4.0
-6.0
10.799999999999999
-5.0
10.0
9.0
-6.0
4.0
-6.0
-6.0
-6.0
-4.0
3.2
4.0
4.0
8.0
-4.0
-6.0
-6.0
8.0
6.0
-4.0
-6.0
-6.0
0.0
-3.2
-6.4
-9.6
4.0
-4.0
-4.0
-6.0
-4.0
-6.6
-4.0
-6.0
-6.0
-6.0
-4.266666666666667
-4.0
4.0
-6.0
-8.0
-6.0
-8.0
5.0
4.0
-4.666666666666667
-6.0
6.0
5.0
4.0
-4.666666666666667
0.0
-6.0
-6.0
-6.0
-4.0
-4.0
-6.0
-7.319999999999999
8.0
-6.0
-6.0
-4.800000000000001
-2.0
-4.0
-3.2
4.0
6.0
3.0
-6.0
-1.0
-6.0
2.0
-7.0
-6.0
8.0
2.0
-6.6
3.1999999999999997
6.0
-7.0
-6.0
6.0
-8.0
3.0
-6.0
-6.0
-4.833333333333333
-6.0
4.0
-5.5
-6.0
2.6666666666666665
-4.0
-6.0
0.0
-6.0
3.733333333333333
-6.0
-6.0
-6.0
-6.0
-1.0
-1.0
5.0
-8.0
0.0
-6.0
-6.0
-1.5
10.0
3.3333333333333335
-6.0
6.0
4.0
6.0
-4.0
0.40000000000000036
-2.5600000000000005
-6.0
8.0
-6.0
6.0
2.0
-8.0
-0.6666666666666666
4.0
-6.0
6.0
-6.0
0.5
7.0
-8.0
4.0
-6.0
-6.0
-6.0
6.0
-6.0
-4.444444444444445
-6.0
-8.0
8.0
4.0
-8.0
-6.0
0.0
-6.0
6.0
-6.0
4.0
8.0
4.0
-6.0
1.0
-1.1999999999999997
-5.5
-2.6666666666666665
4.8
-5.333333333333333
6.0
-8.0
-6.0
-4.0
3.0
-2.0
4.0
-4.666666666666667
6.666666666666667
-6.0
7.199999999999999
-6.0
-6.0
0.0
-6.0
-8.0
-2.4
4.0
-6.0
-6.0
-6.0
-5.0
-7.199999999999999
4.0
-8.0
-6.0
-7.066666666666666
-6.0
-8.0
-6.0
4.0
-6.0
-6.0
-3.3333333333333335
-4.0
-6.0
-1.3333333333333333
1.3333333333333333
-6.0
-0.20000000000000018
9.0
-6.0
-6.0
-2.6666666666666665
1.3333333333333333
-6.0
-5.0
-3.0
-2.0
-6.0
0.5
-4.0
-8.0
6.0
-6.0
-6.0
-6.666666666666667
-4.0
-6.0
-6.0
3.0666666666666664
-4.0
-6.0
-6.0
-8.0
4.0
-6.0
-6.0
-5.0
-6.0
-6.0
-4.0
-8.0
6.0
6.0
-6.0
6.0
6.0
2.1599999999999997
8.0
-6.0
6.0
-1.3333333333333333
6.0
6.0
-6.0
-9.0
6.0
8.0
2.0
-2.0
1.6
8.0
-20.0
6.666666666666667
8.0
-6.0
6.0
2.0
6.0
-5.0
1.3333333333333333
1.7333333333333332
-1.8
6.0
2.0
5.0
-2.0
6.0
0.0
8.5
-1.0
0.9440000000000003
9.0
6.0
4.0
8.0
6.0
8.0
16.0
4.0
-2.0
1.0666666666666664
5.0
8.0
8.666666666666666
-8.0
9.6
5.333333333333333
6.0
-7.199999999999999
1.75
-6.0
-1.9333333333333336
-4.5
-6.0
7.0
9.6
3.2
-1.3333333333333333
8.0
-6.0
3.3333333333333335
6.0
-1.3333333333333333
-6.0
-4.0
-8.0
-6.0
6.0
6.0
1.0
-2.0
6.0
8.0
-6.0
-6.0
-6.0
-5.0
4.0
-6.0
6.0
-6.0
-6.0
6.0
6.0
-4.0
5.25
-6.0
-8.0
6.0
7.0
1.0
-6.0
-6.0
-5.0
-6.0
-3.3333333333333335
-6.0
0.6666666666666666
-4.0
-6.0
-7.0
-6.0
-6.0
6.0
-6.0
-6.0
-4.0
-2.08
-6.0
-6.0
-1.0
-8.0
-6.0
-4.0
-4.0
-6.0
-6.0
8.0
4.0
-6.0
6.0
4.0
8.0
4.0
6.0
6.0
-4.800000000000001
2.0
6.0
1.0
8.0
4.0
9.0
7.0
8.0
4.0
9.0
6.0
6.0
4.4
4.4
4.4
4.4
4.4
4.4
4.4
4.4
-3.0
-4.0
6.0
8.0
-6.0
8.0
4.666666666666667
6.0
2.6666666666666665
-0.7000000000000002
8.0
-6.0
6.0
-6.0
6.0
-8.0
-6.0
6.0
-8.0
-1.0
4.666666666666667
4.666666666666667
6.0
4.0
1.36
6.0
2.2
-0.9600000000000002
8.666666666666666
4.0
6.0
6.0
6.5
7.0
6.0
7.0
5.0
6.0
6.0
9.0
-0.5
7.0
6.0
6.666666666666667
6.0
0.6666666666666666
6.0
6.0
6.0
6.0
6.0
9.0
6.0
7.0
6.0
6.0
0.0
6.0
6.0
6.0
6.0
6.0
6.0
6.0
-6.0
12.0
9.0
7.333333333333333
5.0
-8.0
-8.0
-6.0
8.0
-7.333333333333333
-6.0
-7.0
-14.400000000000002
4.0
-5.6
-7.199999999999999
-6.0
-9.0
-7.199999999999999
-0.5
-1.0
-6.0
-6.0
-6.0
-5.76
4.0
-4.0
-6.0
0.0
-4.0
-8.0
0.0
-6.0
-6.0
-6.0
-6.0
-6.0
-6.0
-2.0
-6.0
-6.0
6.0
6.0
9.0
7.0
-1.0
9.0
4.0
8.0
11.0
8.0
7.0
4.0
9.0
3.0
0.0
-6.0
-6.0
-1.0
-6.0
-1.0
8.0
0.0
-6.0
-7.0
-6.0
5.0
-4.800000000000001
4.0
-6.0
-5.0
1.5
4.8
2.5
6.0
2.0
6.0
5.0
6.666666666666667
6.0
-3.6
8.0
6.0
7.0
-3.2
-6.0
8.0
6.0
-4.0
6.0
-1.0
-4.0
-4.5
-3.2
4.0
-9.0
-7.0
-6.0
-6.0
4.0
2.0
-5.4
-1.0
-4.0
4.0
-6.333333333333333
4.0
-6.0
1.0
-6.0
-6.0
-6.0
6.0
-5.4
6.0
7.0
6.0
6.0
6.0
7.0
-8.0
6.5
6.0
8.0
7.0
-4.0
-5.6
-6.0
-6.0
-6.133333333333333
-6.0
-6.0
-6.0
-6.0
-8.0
-4.0
-4.800000000000001
-6.0
5.333333333333333
-5.5
-6.0
-1.0
2.0
6.0
6.75
-6.0
-2.0
4.0
6.0
-8.0
-1.8000000000000007
-6.0
-18.666666666666668
6.0
9.0
-8.0
-1.0
-2.0
6.0
9.0
-6.0
8.0
1.0
2.6666666666666665
5.0
-6.0
-1.0
6.666666666666667
6.0
8.0
6.0
5.0
4.0
-6.0
0.5333333333333338
7.0
-7.0
-4.0
-12.0
-2.0
-6.0
-7.199999999999999
-6.0
4.0
-5.333333333333333
-6.0
-6.0
-6.0
-6.0
-6.0
-6.0
7.0
-6.0
-6.16
-6.0
0.6666666666666666
-6.0
1.5
-6.0
-3.25
-4.375
-6.0
-8.0
7.199999999999999
-4.6
5.0
-6.333333333333333
-6.0
9.0
5.555555555555555
-8.0
4.0
8.0
4.0
6.0
-1.0
4.0
4.0
10.0
-4.0
6.0
-6.0
4.0
10.0
6.0
-6.0
7.0
0.0
6.0
-5.333333333333333
-4.0
4.0
-6.0
4.0
6.0
-0.3999999999999999
-6.0
4.0
2.0
8.0
6.0
6.0
-1.0
5.0
6.533333333333334
-4.0
-4.0
-3.2
8.0
-6.0
4.0
4.0
-6.0
9.0
8.0
4.0
8.0
1.0
8.0
4.0
4.0
6.0
2.1333333333333333
6.0
6.0
6.0
6.0
8.0
8.0
-6.0
4.0
8.0
2.0
4.0
10.0
6.0
-6.0
4.0
-6.0
-6.2
-1.0
6.0
8.0
-3.0
-4.0
-6.0
-6.0
-1.0
-2.0
2.6666666666666665
-6.0
0.0
4.0
7.0
4.2
-8.0
-6.0
-6.0
3.0
-4.0
5.333333333333333
8.0
8.0
-6.0
-2.6666666666666665
-6.0
4.0
7.0
-5.4
-6.0
6.0
16.0
-6.0
-6.0
-6.6
0.0
-8.0
-6.0
6.0
7.199999999999999
-6.0
-8.0
12.0
-2.0
-5.0
4.0
-2.6666666666666665
-6.0
-6.0
-4.800000000000001
-6.0
-6.0
6.0
-6.0
-3.0
4.800000000000001
-0.6666666666666666
7.319999999999999
-6.0
2.4
——————————03月——————————
6.0
-6.0
6.0
3.5999999999999996
4.0
0.3999999999999999
-1.0
6.0
6.0
8.0
0.6666666666666666
-4.457142857142857
-5.6
6.0
-4.333333333333333
-7.199999999999999
4.0
-6.0
-6.0
-6.0
-4.5
-6.0
-4.0
0.0
-6.0
-6.0
4.0
-4.0
-6.0
-2.7
-4.4
-6.0
-4.0
6.0
8.0
-4.8
-8.0
12.0
4.0
-8.0
4.0
6.0
7.0
4.0
6.0
4.0
6.0
6.0
8.0
4.0
-6.0
4.0
8.0
-6.0
-8.0
-6.0
-8.0
-4.75
-8.0
6.0
-2.0
8.0
6.0
-7.199999999999999
-6.0
6.0
6.0
10.5
-1.6666666666666667
4.0
6.0
4.0
6.0
4.0
6.0
-4.0
-6.0
2.0
4.25
-5.333333333333333
-6.0
-8.0
-5.0
-6.0
-7.0
-4.0
-6.0
-6.0
0.0
-6.0
-6.0
-5.0
4.0
8.0
-6.0
6.0
-6.0
6.0
-3.0
-6.0
4.0
10.0
2.0
-6.0
4.0
-6.0
4.0
4.0
-5.0
4.0
-6.0
6.0
-4.0
-6.0
6.0
-6.0
-4.0
-6.0
4.0
7.0
4.0
6.0
6.0
-1.3333333333333333
-6.4
4.0
6.0
-6.0
-8.0
-6.0
6.5
-8.0
-6.0
4.0
-6.0
-6.375
-6.0
16.0
-6.0
-6.0
-8.0
-6.0
-10.0
-8.0
7.0
6.0
8.0
-6.0
1.0
-6.0
4.0
-4.0
7.0
-1.2
6.0
-6.0
6.0
4.0
-6.0
-6.0
-3.5
-5.880000000000001
-4.0
3.0
-6.0
0.0
-6.0
-6.0
1.0
1.0
-6.0
4.0
-6.0
-1.0
9.6
-6.0
-6.0
-6.0
3.3333333333333335
-6.0
6.0
-6.0
0.0
-1.0
-12.0
6.0
-6.0
-6.0
-6.0
6.0
6.0
2.6666666666666665
-8.0
9.0
8.0
-1.0
-6.0
6.0
-4.0
8.0
4.0
8.0
-6.0
7.0
8.0
-6.0
6.0
4.0
4.666666666666667
6.0
0.0
-6.0
6.0
4.0
-6.0
-8.0
8.0
6.0
6.666666666666667
-8.0
-6.0
-6.0
-6.0
-6.0
7.0
4.0
-6.0
-4.0
-3.0
7.6
-6.0
-8.0
8.0
-4.0
8.0
6.0
-1.0
-1.0
-4.0
-1.0
-6.0
4.333333333333333
-8.0
-6.0
-5.0
8.0
2.0
-6.0
-6.0
-10.0
4.0
-8.0
-6.0
6.0
7.0
2.0
1.0
7.0
6.0
4.0
6.0
6.0
4.0
7.0
6.0
6.0
6.666666666666667
7.0
4.0
12.0
4.0
4.4
4.0
8.0
7.0
6.0
8.0
6.0
6.0
7.0
4.0
2.0
8.0
3.0
6.0
8.0
6.0
7.0
6.0
7.0
8.0
-6.0
-6.0
2.0
-6.0
7.333333333333333
6.0
6.0
-6.0
-6.0
6.0
10.0
1.5
-4.0
-2.0
8.0
-7.0
-6.0
-6.0
-4.0
-9.6
-6.0
-9.6
-6.0
5.4
-6.0
-6.0
-6.0
4.0
2.6666666666666665
-7.199999999999999
-4.0
4.0
-6.0
-6.0
-6.0
7.0
-6.0
-8.0
9.0
-4.0
-6.0
8.0
-7.0
-8.0
-6.0
-2.08
-4.0
-5.0
4.0
4.0
-4.0
4.0
4.0
4.0
-6.0
-2.0
-1.0
-3.6
-6.0
4.0
4.0
-6.0
6.0
0.0
-4.333333333333333
-6.0
-6.0
-4.800000000000001
6.0
-6.0
-4.0
4.0
-9.0
-6.0
1.1999999999999997
-10.0
4.0
4.0
0.0
-4.0
-6.0
-6.0
-6.0
-5.0
1.1999999999999997
-6.0
6.0
-6.0
6.0
-5.0
-6.0
-4.0
0.6666666666666666
-5.0
7.800000000000001
-2.5714285714285716
-5.4
8.0
8.0
-6.0
0.0
-1.3333333333333333
-1.0
-16.0
9.0
6.0
-0.1333333333333333
-6.0
6.0
4.0
4.0
-6.0
-6.0
-3.0
0.0
-4.0
-2.0
-8.0
-6.0
-2.0
-0.6666666666666666
-6.533333333333334
0.0
-4.5
1.0
0.8
-6.0
-5.0
-12.0
-2.0
10.0
-4.0
8.0
-4.0
-6.0
6.0
8.0
-8.0
-1.3333333333333333
6.0
-1.0
-6.0
-12.0
6.0
4.0
-3.04
9.0
-4.0
-6.0
-4.0
-4.0
1.8666666666666665
-9.6
8.0
6.0
6.0
-4.0
-7.0
7.0
4.0
-6.0
-6.0
-3.2
4.0
-6.0
-8.0
5.0
-6.0
1.0
-6.0
-6.0
-6.0
-8.5
-7.0
-4.0
3.3333333333333335
-6.0
-4.0
-1.3333333333333333
4.0
4.0
-8.0
0.8
-6.0
-4.0
7.333333333333333
2.0
-6.0
-8.0
-8.0
3.25
-4.5
5.0
1.0
-8.0
4.5
-6.0
-6.0
-6.0
0.6666666666666666
8.0
-2.6666666666666665
-2.5
2.0
-4.0
-4.5
-1.6
-6.25
-0.6666666666666666
-12.0
-8.0
0.0
-4.0
-4.0
1.7333333333333332
-6.0
-6.5
6.0
4.0
-8.0
2.76
-6.666666666666667
-6.0
4.0
-8.0
-6.0
7.6
-6.666666666666667
-5.0
4.0
6.0
-6.0
6.0
-6.0
-6.0
6.0
-6.0
-4.0
-4.0
-4.0
-6.0
-4.0
-4.0
-4.0
-6.0
4.0
6.0
8.0
4.0
-8.0
-2.0
-6.0
-7.5
-9.0
6.0
-2.4
5.4
-1.0
-4.0
4.0
6.0
-4.0
-6.0
6.0
-8.0
-5.0
-5.0
16.0
-3.0
6.0
-2.5
10.0
-6.0
-10.0
7.5
-6.0
-2.0
8.5
-4.0
-3.2
-4.0
-6.88
-4.0
-4.0
6.0
-10.0
5.0
-4.0
-6.2
-6.0
4.0
-6.0
8.0
-3.3333333333333335
-2.56
-1.1333333333333335
-4.4
-6.0
-6.0
-9.0
-6.0
6.0
4.0
-7.199999999999999
6.0
6.0
2.0
16.0
4.6
-8.0
-2.9333333333333336
-8.0
-3.5
-1.25
-6.0
9.6
-6.0
-7.0
-7.333333333333333
-6.0
-4.0
6.0
-6.0
-6.0
-6.0
-6.0
-6.0
-8.0
-6.0
-0.8
-6.0
-6.0
-6.0
17.279999999999998
2.0
8.0
4.0
-2.0
4.0
-0.8
-6.0
-4.0
4.0
3.0
6.0
4.0
-4.0
4.0
-6.0
2.6666666666666665
1.0
-6.0
6.4
16.0
4.0
4.0
0.0
-5.5
-4.0
8.0
7.0
-4.0
-6.0
4.0
-5.5
2.0
7.0
-1.6000000000000003
5.0
-3.0
4.0
-4.0
-6.0
-4.800000000000001
-6.0
4.0
0.5
-6.0
-4.0
-6.0
1.3333333333333333
-6.0
6.0
-6.0
3.3333333333333335
-2.0
-8.0
5.5
-6.0
4.0
-4.8
-1.4400000000000002
-6.0
4.0
-4.666666666666667
-6.0
-4.0
-6.0
-6.0
-6.0
6.0
-5.3
4.38
4.0
-4.8
-8.0
-6.0
5.0
-7.0
-7.0
2.0
-6.0
4.0
-4.0
-6.0
-6.0
6.0
-0.5
6.0
-2.6666666666666665
7.199999999999999
2.0
2.0
1.6000000000000003
4.0
3.941333333333333
1.0
-6.0
0.9333333333333332
-0.8266666666666668
-1.0
-8.0
6.0
-4.0
6.0
6.0
7.0
6.0
5.0
4.0
4.0
4.0
4.0
7.0
7.0
6.0
12.0
8.0
4.0
0.6666666666666666
6.0
4.0
-6.0
-6.0
-2.0
-8.639999999999999
-6.0
4.0
4.0
7.0
6.0
7.0
6.0
8.0
7.0
-2.4
9.0
4.0
7.0
7.0
4.666666666666667
3.0
-6.0
7.0
-6.4
-3.0
-4.0
8.0
-6.0
-5.0
-8.0
-6.0
5.0
-6.0
-7.0
-6.0
-6.0
-2.0
-6.0
-1.0
-4.0
5.5
-6.0
8.0
-4.0
7.333333333333333
-0.6666666666666666
8.0
-7.0
-6.0
6.0
-11.520000000000001
-5.0
-6.0
-6.0
-6.0
-4.0
-6.0
8.0
6.0
0.0
-4.0
8.0
-2.6666666666666665
6.0
4.5
-1.0
-8.0
7.6000000000000005
0.0
0.6666666666666666
1.0
6.0
3.0666666666666664
-6.0
6.0
-8.0
-6.0
7.0
6.0
-4.8
-4.0
-6.0
-6.0
-6.0
2.6666666666666665
-6.4
-6.0
-8.0
-1.2
-12.0
1.2
-6.0
-1.0
5.0
8.0
-6.0
-6.0
6.0
-1.0
-6.0
-4.6
4.0
-6.0
-6.0
10.0
8.0
-4.0
3.58
8.0
6.0
1.0857142857142856
4.0
-6.0
0.0
4.0
4.0
4.0
4.0
6.0
6.0
-6.0
-6.0
-8.0
-1.25
4.0
4.0
6.0
8.0
1.0
-3.2
5.0
4.0
8.0
5.8
-22.5
4.0
-2.7
6.666666666666667
8.0
8.0
5.15
7.0
4.76
4.0
-6.0
4.0
4.0
7.8
6.0
4.0
8.0
6.0
12.0
10.0
5.0
4.0
6.0
7.0
6.0
8.0
6.0
8.0
-6.0
-0.6666666666666666
-1.0
7.0
8.0
6.0
9.0
6.0
6.0
6.0
-0.5
-6.0
-4.0
-4.0
8.0
5.5
-0.5
-4.0
6.0
8.0
-6.0
-1.7777777777777777
3.2
7.199999999999999
0.5
3.0
2.0
-2.4
-4.0
-4.0
-6.0
4.666666666666667
-8.0
-6.0
-1.7333333333333332
-4.0
-6.6
-5.760000000000001
6.0
8.0
0.0
-6.0
6.0
4.0
0.7999999999999998
-6.0
-4.0
-6.0
-6.0
-5.0
-9.0
6.0
6.0
0.0
8.0
-6.0
6.0
-2.0
0.5999999999999996
-6.0
6.0
-0.6666666666666666
8.0
-8.0
-6.0
-4.0
-6.0
-4.0
-5.0
8.0
6.0
-1.2
5.0
-1.0
-4.0
8.0
6.0
6.0
-2.1333333333333333
6.0
6.5
10.0
6.0
3.3333333333333335
7.75
3.0
5.111111111111111
4.0
6.0
-8.0
-10.0
-4.0
4.0
8.0
-8.0
-6.0
5.0
-6.0
-6.0
-6.0
-6.0
-8.0
-5.0
1.3066666666666666
8.0
8.0
-8.0
-4.0
-2.0
-8.0
-2.6666666666666665
-1.3333333333333333
-4.0
4.0
8.0
-8.0
-8.0
-6.0
-12.0
4.0
0.0
0.0
-4.4
-6.0
-6.0
-0.5
6.0
6.0
2.0
-8.0
-16.0
-6.3999999999999995
-6.0
-4.0
-5.333333333333333
1.28
3.0
-4.0
5.0
-6.0
4.0
2.56
-2.6666666666666665
7.199999999999999
-2.0
2.0
0.8333333333333334
0.3999999999999999
-6.0
-4.0
-4.8
0.0
2.0
0.0
-6.0
-8.0
1.0
4.0
-3.3333333333333335
0.8
1.3333333333333333
-1.3333333333333333
2.8
4.0
-4.0
-4.5
-8.0
-6.0
4.0
-6.0
9.0
-6.0
6.0
4.0
-6.0
-8.0
-1.6666666666666667
-0.6399999999999999
-6.0
16.0
2.0
-8.0
5.0
0.6666666666666666
-8.0
2.5
2.0
5.0
0.6666666666666666
8.0
3.3333333333333335
5.6
5.5
8.0
8.0
-6.0
5.0
7.0
5.0
2.0
-1.0
-6.0
5.0
4.0
-4.800000000000001
4.0
2.0
-4.0
5.0
4.0
-5.0
-4.0
0.0
-6.0
-18.0
-7.0
-1.5999999999999999
-6.0
-6.5
-1.2
4.666666666666667
-4.0
-9.6
-4.666666666666667
8.0
8.0
6.0
-6.0
1.0
4.0
-4.6
1.0
-4.0
7.0
-6.0
6.0
-5.555555555555555
6.0
-5.666666666666667
1.0
-6.0
4.0
6.0
-7.0
-6.0
-8.0
8.0
-7.0
-6.0
-6.0
7.0
-6.0
16.0
4.0
-6.0
-8.0
3.2
-2.0
8.0
-6.0
10.0
-4.0
10.0
-4.0
-4.0
-8.0
4.8
6.0
-1.0
-8.0
-8.0
4.0
6.0
-4.800000000000001
-6.0
8.0
-1.3333333333333333
6.0
6.0
-6.0
-4.0
-2.0
-4.8
6.5
-6.0
4.8
3.1666666666666665
-6.0
-7.0
-6.5
-4.0
16.0
-3.3333333333333335
-2.6666666666666665
-2.0
-6.0
-7.333333333333333
-6.0
8.0
-4.0
-6.0
-6.3
-2.6666666666666665
0.0
-4.0
-4.0
-6.0
4.0
4.0
-2.6666666666666665
-10.799999999999999
-6.0
4.0
4.0
-6.0
-7.333333333333333
-6.0
-6.0
8.0
4.0
-6.0
-6.0
-12.0
-5.4
4.571428571428571
-4.0
-8.0
1.0
-4.4
8.0
-5.0
3.0
4.0
-4.4
-6.0
-7.0
-7.199999999999999
-3.0
-6.0
-6.666666666666667
-2.5
-5.0
6.0
6.0
4.0
3.3
0.0
6.0
6.0
1.2
-8.0
8.0
0.5
1.7999999999999998
2.0
-2.5
6.0
6.0
4.0
-6.0
-7.333333333333333
4.0
-7.0
-6.5
-5.0
-4.0
-4.8
0.0
-5.0
-6.5
-4.0
0.0
8.0
4.0
-5.0
-5.0
4.0
-6.0
10.0
6.0
-6.0
0.0
-5.4
10.0
-7.0
-6.0
6.0
-1.0
-4.0
-6.0
-1.0
-4.0
-3.2
-4.0
-6.0
-4.0
-6.0
2.5
4.0
4.0
4.0
-4.0
6.0
-6.0
-6.0
-6.4
-8.0
-6.0
4.8
12.0
0.0
0.5999999999999996
6.0
6.0
4.0
12.0
7.0
7.333333333333333
6.0
-9.0
8.0
-6.0
-6.0
2.6666666666666665
-7.333333333333333
6.0
10.0
2.6666666666666665
6.0
-4.0
8.0
-6.0
8.0
6.0
2.0
8.0
-6.0
8.0
2.5
-5.0
-6.0
10.5
9.0
1.0
-8.0
-6.0
-4.0
8.666666666666666
6.0
6.0
-0.5
-6.0
-12.0
8.0
8.0
-6.0
-6.0
-5.0
7.0
0.0
-8.0
6.0
8.0
8.0
7.333333333333333
-3.0
-5.0
7.0
8.0
-6.0
6.0
8.0
-8.0
6.0
7.199999999999999
5.333333333333333
-6.0
8.0
6.0
8.0
8.0
6.0
6.0
6.0
-6.0
-6.0
5.0
-9.0
8.0
-5.333333333333333
8.0
-7.333333333333333
-1.1428571428571428
-4.0
2.0
-7.0
6.0
-6.0
6.0
-5.0
1.0
2.5
4.0
6.0
-6.0
3.0
5.0
-6.0
4.0
-6.0
-6.0
7.5
4.800000000000001
3.0
-5.0
-1.2
6.0
-2.0
-4.0
6.0
6.0
6.0
8.0
4.0
-8.0
7.0
-6.0
8.0
0.5999999999999996
8.0
8.0
8.0
10.0
-6.0
2.0
-1.0
2.0
8.0
4.0
8.0
-1.0
-7.0
3.6
8.0
6.0
4.0
7.199999999999999
6.0
6.0
4.0
-9.0
8.0
6.6
3.0
-0.8
-6.0
-5.0
6.0
-4.0
1.2
-6.0
6.0
-6.0
-6.0
-6.0
-12.0
6.0
0.0
-4.0
-6.0
-6.0
-6.0
4.5
-5.0
-5.333333333333333
-6.0
-6.0
0.5999999999999996
-6.0
-6.0
-6.0
-6.0
-6.0
10.0
-6.0
-4.0
-12.0
-2.0
-6.0
-6.0
-6.0
-6.0
-6.0
-4.0
-4.0
16.0
-6.0
-7.333333333333333
-6.0
2.6666666666666665
-6.0
4.0
-7.0
-5.6000000000000005
-7.199999999999999
-0.5
0.0
10.0
-1.0
5.0
-4.0
-6.0
8.0
4.0
-1.0
1.6666666666666667
-6.0
-4.0
-4.0
-0.6666666666666666
-4.0
-2.0
-9.0
-5.0
4.25
6.0
-8.0
0.3999999999999999
-6.0
-8.0
-6.0
5.0
-6.0
6.0
-6.0
6.0
5.8
2.0
4.5
6.0
6.0
4.0
6.0
8.0
-2.0
1.1111111111111112
1.1111111111111112
1.1111111111111112
1.1111111111111112
-9.0
-6.0
-2.0
2.6666666666666665
4.0
-6.8
2.0
5.0
8.0
6.0
-2.0
4.0
7.0
8.0
8.0
6.0
8.0
0.0
-6.0
-2.56
3.5
4.0
-6.0
4.0
2.0
5.666666666666667
4.0
-8.0
4.0
-4.666666666666667
6.0
-6.0
0.0
-16.0
4.0
4.0
4.0
4.0
4.0
4.0
-4.0
6.0
6.0
6.0
6.0
6.0
-1.5
-1.2
2.857142857142857
-5.6
-6.266666666666667
-3.072000000000001
-6.0
-6.0
-2.0
-6.0
-5.333333333333333
5.0
5.0
8.0
-11.520000000000001
-7.5
-6.0
4.0
-6.0
-6.0
-6.0
-4.0
4.0
6.0
6.0
-6.0
2.0
-4.8
4.0
6.0
6.0
0.0
6.0
-6.0
-4.0
-6.0
6.0
5.0
2.5
-6.0
-1.4
-6.5
6.0
1.6
-4.25
0.5999999999999996
8.0
10.0
4.0
-8.0
5.6
-6.0
4.0
10.0
6.0
-10.0
-6.0
3.0
2.0
2.3333333333333335
8.0
-6.0
5.0
6.0
-4.0
8.0
-1.0
6.0
4.0
1.0
-8.0
6.75
8.0
-6.0
-1.5
4.0
8.0
-4.666666666666667
2.0
4.0
4.0
6.0
5.0
-8.0
4.0
6.0
5.0
3.1999999999999997
-6.0
10.0
6.2
-6.266666666666667
-6.0
-9.0
-2.8799999999999994
-6.0
4.0
-4.0
-4.0
6.0
2.0
-6.0
-6.0
4.0
2.0
12.0
-6.0
6.0
-4.0
-4.0
-8.0
4.0
-6.0
8.0
-6.0
-6.0
-3.2
-4.0
4.800000000000001
-2.0
8.0
-6.0
12.0
7.0
8.0
4.800000000000001
8.0
6.0
4.0
1.3333333333333333
4.0
-5.0
6.0
5.0
6.0
6.0
6.0
6.0
5.0
6.0
9.666666666666666
6.0
5.6
5.5
7.5
7.199999999999999
6.0
8.0
-7.0
4.0
2.5
-2.3333333333333335
8.0
-2.0
-6.0
7.0
1.2
-12.0
0.5999999999999996
7.0
2.2857142857142856
6.444444444444445
4.0
4.0
6.0
6.0
-6.666666666666667
6.0
6.0
6.0
-6.0
6.0
-2.0
-10.0
-2.0
1.0
10.0
-4.0
-10.0
4.0
4.666666666666667
-4.0
0.0
4.0
-1.6666666666666667
6.0
6.0
6.0
6.0
-6.0
-4.0
-6.0
-1.0
-6.0
-2.0
-4.0
8.0
-8.0
-2.0
4.0
6.0
-8.0
0.0
-7.0
-4.0
6.0
2.0
0.0
6.0
7.0
-6.0
4.0
-6.0
4.0
-4.0
-4.0
8.0
-6.0
-7.0
6.0
-15.0
2.0
4.0
4.0
-1.0
-7.68
2.0
-4.0
-6.0
-6.0
4.0
4.4
-6.0
8.0
4.0
4.666666666666667
-6.0
6.0
3.0
-6.0
-6.0
4.800000000000001
-6.0
-6.0
6.0
4.4
-4.0
-4.0
-8.0
-4.0
4.0
-6.0
5.0
4.0
-2.4
5.0
-6.0
6.0
2.0
4.0
-3.6
4.0
4.0
-6.0
-6.0
7.0
-4.0
0.8
-1.3333333333333333
6.0
1.7999999999999998
0.0
-7.066666666666666
3.0
8.0
10.0
6.0
6.75
-4.800000000000001
-6.0
4.0
-2.0
6.0
4.0
4.0
-5.0
6.0
6.0
8.0
6.0
6.0
9.0
6.0
-6.0
4.0
6.0
4.0
6.0
6.0
6.666666666666667
7.0
6.0
7.0
7.0
10.0
6.0
6.8
6.0
10.5
4.0
5.5
8.0
21.0
2.0
4.0
-6.0
-6.0
-5.4
-5.5
-6.0
4.0
6.0
6.0
2.0
10.0
3.9000000000000004
4.0
-6.0
2.25
-1.0
-6.0
6.0
-6.0
6.0
-4.8
-2.0
-6.0
-4.0
-7.0
-6.0
7.0
-6.0
-8.0
6.0
4.0
-5.0
-6.0
6.0
-6.0
3.6
-5.0
-0.2857142857142857
6.0
6.0
8.0
6.0
-6.0
6.0
6.0
6.0
-15.0
5.0
10.5
9.0
6.0
5.333333333333333
6.0
-2.8000000000000007
6.0
-2.8000000000000007
-6.0
-6.0
4.0
-2.8000000000000007
4.0
-6.0
-6.6
-5.0
-16.0
-5.5
-6.0
-1.6666666666666667
-6.0
-12.0
-5.333333333333333
-6.0
1.6000000000000003
-6.0
4.0
8.0
-4.0
-10.0
6.0
-2.0
-2.8000000000000007
8.0
4.0
8.0
-8.0
8.0
-3.1333333333333333
4.0
3.0
-3.1333333333333333
0.0
5.333333333333333
4.0
8.0
6.0
-6.0
-6.0
-4.666666666666667
9.6
6.0
-2.0
8.0
2.5
-4.0
4.0
-5.333333333333333
32.0
-8.0
6.0
5.333333333333333
-5.0
-6.0
4.0
-6.0
-6.0
-6.0
-6.0
-1.3333333333333333
-2.6666666666666665
-4.6
-1.0
-1.4
-1.5999999999999999
-1.3333333333333333
7.0
8.0
8.0
6.0
-8.0
-4.0
7.0
-6.0
6.0
-7.0
8.0
4.0
8.0
2.0
6.0
10.0
5.0
-5.066666666666666
3.6
6.0
-4.0
6.666666666666667
4.4
-6.0
6.0
-6.0
5.0
0.2666666666666669
-6.0
-2.8000000000000007
4.05
1.0
6.0
-4.0
-7.199999999999999
-6.666666666666667
-3.1666666666666665
-1.6000000000000003
9.0
6.0
-1.5
2.3333333333333335
5.0
-0.5999999999999996
5.0
7.0
-6.0
6.0
-5.333333333333333
-6.0
8.0
-2.0
3.3333333333333335
6.0
6.0
2.6666666666666665
2.0
4.0
-5.0
-6.0
-2.0
-4.0
-1.3333333333333333
8.0
-6.0
6.0
-4.666666666666667
-6.800000000000001
-4.88
-6.0
-4.0
8.0
-4.0
8.0
-2.0
4.0
-4.0
7.0
6.0
2.0
-3.0
4.0
7.0
1.0999999999999996
6.0
6.0
0.0
9.0
8.0
8.0
9.0
6.666666666666667
6.0
6.0
8.0
6.0
7.0
6.0
8.0
7.0
7.0
7.0
10.0
7.0
8.0
9.0
6.0
6.0
10.0
6.0
7.0
6.16
-6.0
9.0
8.0
1.6
-4.0
-7.0
-1.0
8.0
-4.0
4.0
7.0
-6.0
4.0
-2.8000000000000007
4.0
3.6
-8.0
7.0
-5.6000000000000005
5.0
4.0
4.0
-6.0
0.0
-1.0
-6.0
5.0
-0.05777777777777793
-6.0
4.0
-6.0
-6.0
-7.0
-6.0
3.5
1.0
-8.0
-6.0
-4.571428571428571
6.6
3.5
-6.0
5.166666666666667
8.639999999999999
0.3999999999999999
8.0
-8.0
-6.133333333333333
0.0
-6.0
-6.0
-6.0
-6.0
4.0
-5.333333333333333
-4.533333333333333
9.0
-4.0
8.0
4.0
6.0
4.3
4.0
-2.0
-3.2
5.0
5.0
-6.0
9.0
8.0
-4.0
10.0
-8.0
6.0
2.0
3.0
6.0
-4.0
5.0
0.39999999999999974
-8.0
6.0
1.0
6.0
6.0
6.0
-5.0
-6.0
-4.0
4.933333333333334
-1.0
6.0
1.9000000000000004
-5.333333333333333
6.0
-6.0
-6.0
6.0
-0.5999999999999996
6.0
6.0
9.0
6.0
-2.0
10.0
0.9333333333333336
-5.0
-2.0
-8.0
9.0
8.0
4.0
4.0
4.0
7.5
6.0
-2.0
6.0
4.0
-4.0
0.0
4.0
-2.0
4.0
0.5
4.0
-1.3333333333333333
-2.3333333333333335
-1.5
-4.0
-4.0
-11.0
5.0
-4.266666666666667
4.0
6.0
-1.6666666666666667
-6.0
2.75
8.0
-6.0
6.0
6.0
12.0
6.0
6.0
0.0
-3.466666666666667
6.0
-4.0
6.0
6.0
4.0
4.0
4.0
2.0
-10.0
2.0
-4.0
-6.0
-6.0
6.8
-2.0
2.0
12.0
8.0
6.0
-8.0
8.0
4.0
6.0
10.799999999999999
-1.0
-6.0
-6.0
-6.0
-3.3
-1.3333333333333333
-6.0
-6.0
——————————02月——————————
4.933333333333334
4.0
-7.0
-6.0
-6.0
-3.6
6.0
6.0
7.0
4.0
2.0
-6.0
-6.0
6.0
-6.0
-6.0
-6.0
0.0
2.0
0.0
6.0
6.16
6.0
8.0
6.16
6.0
6.0
6.0
-6.0
-4.0
-6.0
4.0
-6.0
4.0
4.0
8.0
6.0
3.5999999999999996
-4.0
6.666666666666667
-6.0
4.0
8.0
8.0
-6.0
12.0
7.0
6.0
4.0
-6.0
-4.0
-6.0
0.0
0.0
-6.0
8.0
5.0
-5.333333333333333
-5.5
-4.800000000000001
-2.0
6.0
-2.0
10.0
4.800000000000001
8.0
5.333333333333333
0.0
-6.0
-2.0
6.16
-6.0
-5.0
-6.0
-9.75
-6.0
-5.0
4.8
-1.0
-2.0
-6.0
6.0
10.0
-1.0
-4.0
-6.0
-5.0
4.0
-6.0
-6.0
-6.0
-5.0
10.0
1.0
2.0
-4.0
-8.0
-6.0
-6.0
-2.0
12.0
-4.0
-8.0
-3.6
4.0
-4.0
-10.0
-6.0
-6.0
-7.199999999999999
-1.0
6.0
-8.0
-8.0
2.42
4.0
-6.0
-4.0
6.0
-1.3333333333333333
-1.0
-6.0
-4.0
6.4
-8.0
2.5600000000000005
-2.0
0.0
-8.0
-6.0
-18.900000000000002
4.0
-8.0
-5.0
7.533333333333334
-7.0
10.0
6.0
-8.0
5.0
-8.0
-6.0
-8.0
-6.0
-6.0
-4.0
8.0
8.0
-4.0
7.0
-8.0
7.0
4.0
0.0
0.0
-2.8
-8.0
-6.0
4.0
4.0
0.0
4.666666666666667
8.0
-6.0
-6.0
-6.0
-8.0
4.0
-5.0
8.0
8.0
-6.0
6.0
2.0
2.0
-6.0
8.0
-9.0
6.0
8.0
1.5
4.0
-6.0
0.8
6.0
-8.0
-5.0
-6.0
-2.6666666666666665
-6.0
6.0
6.0
-9.0
-6.0
1.0
6.0
2.0
6.555555555555555
5.333333333333333
6.0
6.0
8.0
-6.0
6.0
6.0
4.0
2.0
6.0
-2.0
7.0
8.0
-6.0
6.0
6.0
6.0
-7.199999999999999
6.0
5.333333333333333
6.0
1.2000000000000004
-6.0
6.0
6.0
8.0
-1.5999999999999996
-1.4
6.0
8.0
-6.0
-1.0
8.0
-1.0
-6.0
-1.5999999999999996
8.0
10.0
6.0
-1.0
6.0
7.0
6.0
5.0
4.0
8.0
-6.0
4.0
4.0
4.0
4.0
-1.0
-1.0
6.0
2.0
4.0
5.733333333333333
-6.0
6.0
6.0
-14.399999999999999
-8.0
6.0
8.0
6.0
7.0
6.0
6.25
2.0
4.0
8.639999999999999
8.0
-10.0
-4.0
6.0
-6.0
-6.0
-4.92
4.666666666666667
-7.199999999999999
-4.4
-6.0
-6.0
-6.0
-8.0
6.0
4.0
-3.2571428571428576
6.0
6.0
7.333333333333333
-8.0
-6.0
-4.0
8.0
-6.0
7.0
-5.333333333333333
6.3999999999999995
-6.0
6.0
-6.0
-6.0
-6.0
-6.0
-5.0
6.0
6.0
4.0
8.4
-6.0
6.666666666666667
4.0
-6.0
-6.0
0.4
-8.0
-4.0
-6.0
-7.2
6.0
6.0
6.0
4.0
5.0
6.0
-8.0
-6.0
-3.3333333333333335
5.0
6.0
-6.0
-6.0
4.0
-4.0
0.4
7.199999999999999
-8.0
-1.0
8.0
5.2727272727272725
6.0
1.0
4.0
6.0
6.0
1.0
6.8
4.0
-7.199999999999999
-6.3
6.0
-6.0
-2.6399999999999997
-6.0
-6.912
-4.0
-4.0
7.0
1.0
5.0
10.0
-6.0
-6.0
-4.666666666666667
-2.0
8.0
10.0
6.0
6.0
4.0
6.0
-6.0
-4.800000000000001
-4.0
6.0
4.0
6.0
-6.333333333333333
-6.0
-4.0
2.6666666666666665
-4.0
-1.3333333333333333
4.0
6.0
-6.0
6.2
-5.0
5.0
7.0
-6.0
-2.0
5.0
8.0
4.0
10.0
5.0
8.0
-6.0
-8.639999999999999
-5.333333333333333
-4.0
6.0
6.0
8.0
-2.0
4.0
6.0
4.0
0.5600000000000002
-8.0
-4.0
6.0
-4.0
6.0
8.0
6.0
-6.0
1.1
-4.0
6.0
5.0
6.0
5.0
6.0
1.5
-6.0
-2.5
10.0
-6.0
4.0
1.5
-4.800000000000001
-4.800000000000001
-1.6666666666666667
5.0
-5.0
6.0
-6.0
-8.0
4.0
6.0
8.0
-5.0
-6.0
4.0
-8.0
-4.0
-12.0
1.5
4.0
-1.3333333333333333
6.0
4.0
-1.6666666666666667
8.0
6.0
4.0
5.6000000000000005
8.0
8.0
-5.0
6.0
6.0
-2.08
6.0
-0.1200000000000001
-0.40000000000000036
-6.0
8.0
8.0
-7.5
4.0
-1.0
4.0
4.0
0.0
2.0
8.0
6.0
0.6666666666666666
-4.0
4.0
-6.0
4.0
4.0
4.0
1.5
4.0
-3.8
10.0
6.0
10.0
8.0
-8.0
-2.25
-6.0
-3.8
8.0
12.0
-8.0
6.6
6.0
6.0
3.6666666666666665
8.0
-4.0
8.0
3.3333333333333335
-6.0
-6.0
7.333333333333333
6.0
2.0
4.0
-4.800000000000001
5.333333333333333
4.0
8.0
6.0
-6.0
5.0
0.0
1.0
-6.0
4.0
4.0
2.8
1.25
6.0
8.0
6.0
-7.199999999999999
-4.0
-8.0
-1.0
6.0
-4.0
-8.0
6.0
0.0
-4.0
-1.3333333333333333
4.0
-4.0
6.0
16.0
4.0
-1.0
2.0
8.0
5.0
5.0
-6.0
-4.0
6.0
-6.0
-6.0
-6.0
-6.0
-12.0
-6.0
-6.0
6.0
-6.0
-2.0
1.0
4.0
4.0
-4.8
-6.0
-6.213333333333334
6.0
-6.0
-6.0
-8.0
-1.0
-3.7454545454545456
-8.0
-6.0
-6.0
5.0
8.0
5.0
-6.0
-6.0
-6.0
5.0
6.0
-2.3333333333333335
-6.0
-6.0
-8.0
-8.0
2.0
-6.0
-7.0
-6.0
-2.0
-6.0
-6.0
-6.0
-6.0
-6.0
6.0
3.0
-10.0
-8.0
-6.0
-4.0
-5.5
-6.0
6.0
6.0
-6.0
4.0
-12.0
6.0
-8.0
-8.0
2.0
-6.0
-6.0
8.0
-6.0
6.0
3.2
-6.0
-6.0
-8.0
-6.0
-8.0
-6.0
6.0
-6.0
-6.0
-7.8
-9.0
-6.0
-6.0
5.0
-6.0
-6.0
5.5
-6.0
-1.6
6.0
-6.0
-6.0
-4.0
6.0
5.0
-6.0
1.0
-6.0
8.0
-5.0
6.0
-6.0
6.333333333333333
-4.0
-6.0
1.3333333333333333
-1.0
8.0
-0.5999999999999996
-2.0
4.666666666666667
4.0
-5.0
-5.5
-6.0
-2.0
1.3333333333333333
10.0
-8.0
-6.0
-4.0
-8.0
-4.0
-2.0
-1.6000000000000003
-12.0
0.0
2.0
7.0
8.0
6.0
-6.0
-6.0
-4.0
-4.0
-6.0
6.0
-3.0
-3.8
-6.0
8.0
6.0
8.0
6.0
6.0
4.0
8.0
7.0
-6.0
-4.0
6.0
3.3333333333333335
4.0
6.0
-4.0
7.0
-4.0
6.0
-6.0
-6.0
4.0
-6.0
-6.0
-1.6
-6.0
6.0
4.0
-1.6
-6.666666666666667
-6.0
-5.333333333333333
10.0
2.6666666666666665
-16.0
-6.0
4.0
2.0
2.0
6.0
-4.0
7.0
6.5
4.0
-6.0
4.0
8.0
-6.0
4.0
-3.8
-6.0
-6.0
2.8
6.0
6.0
6.0
8.0
8.0
6.0
6.0
8.0
8.0
-3.8
-4.0
8.0
4.0
2.4
-6.0
-6.0
6.0
-4.0
5.0
-4.0
6.0
4.0
6.0
2.4
0.0
-6.0
-2.0
-6.0
8.0
3.3333333333333335
-5.760000000000001
2.0
-7.333333333333333
6.0
6.0
8.0
4.0
-5.333333333333333
-5.0
6.0
10.0
8.0
12.0
7.199999999999999
1.3333333333333333
-1.1066666666666667
6.0
3.0
0.0
6.0
12.0
6.0
-6.0
-4.0
6.0
-3.3333333333333335
6.0
4.0
6.0
6.0
9.0
6.0
0.0
8.0
-6.0
-5.0
-6.0
-6.0
6.0
6.0
4.0
9.0
-3.8
6.0
-6.0
4.0
-6.0
8.0
-6.0
-7.199999999999999
-1.0
-6.0
10.0
1.2622222222222221
-2.0
0.5
-2.6666666666666665
-3.75
-6.0
6.0
-6.0
6.0
-9.0
6.0
6.0
-6.0
5.75
-6.0
-6.0
-1.5
4.0
6.0
4.0
-6.0
-6.0
2.0
-6.0
4.0
-1.3333333333333333
5.0
-6.8
4.0
-6.0
0.0
-6.0
4.0
-0.6666666666666666
4.0
6.333333333333333
4.0
-8.0
-1.0
-2.4
2.0
-6.0
-6.0
-6.0
4.0
-6.25
-1.3333333333333333
8.0
-4.0
-9.0
-6.0
6.0
-4.0
-0.6666666666666666
-6.0
3.0
-6.0
7.0
5.0
0.0
4.0
-4.800000000000001
0.5
6.0
-3.8
5.0
-3.2
8.0
4.0
10.0
8.0
10.0
6.0
-6.0
-3.8
0.6666666666666666
8.0
4.0
6.0
4.0
-6.0
4.88
8.0
2.6666666666666665
-4.0
6.0
8.0
4.0
-3.8
-6.0
6.0
4.0
-6.0
6.0
-6.0
-4.0
-4.0
8.0
-6.0
-6.0
6.0
-2.0
8.0
3.4072727272727277
1.0
6.0
6.0
-6.0
6.0
1.0
-3.8
6.0
-5.0
6.0
6.0
-3.8
8.0
-6.0
-1.3333333333333333
3.5
12.0
6.0
6.0
8.0
6.0
5.333333333333333
6.0
6.5
-6.0
9.6
4.0
-5.0
6.0
4.0
5.4
6.0
6.0
0.0
9.0
-3.8
4.0
-8.0
1.2533333333333336
-3.8
-8.0
6.0
-6.0
7.0
14.399999999999999
6.0
-1.0
-4.800000000000001
7.0
-3.8
1.0
4.0
-8.0
6.0
8.0
12.0
9.0
4.0
6.0
-6.0
-1.0
6.0
2.0
-4.0
6.5
6.5
-6.181818181818182
8.0
2.0
8.0
4.0
8.0
7.333333333333333
-7.0
0.6666666666666666
5.0
-6.0
-6.0
8.0
6.0
-6.0
4.0
9.0
6.0
-4.0
-8.0
6.0
-6.0
-2.0
4.0
-5.0
-6.0
10.0
2.0
-3.2
-5.0
8.0
-3.142857142857143
-6.0
-2.5
8.0
6.0
-4.0
-8.0
-6.0
2.0
-8.0
-6.0
-1.0
-6.0
-6.0
0.0
5.0
6.333333333333333
-6.666666666666667
-8.0
-0.5
-3.8
6.0
-4.0
-8.0
0.4
-0.5999999999999996
-8.0
0.0
-0.5
-0.5
-3.8
6.0
6.0
-8.0
-4.0
6.0
3.2
-0.5
-3.8
0.2666666666666669
-3.8
0.0
-2.0
-4.4
-4.0
1.0
4.8
0.0
4.0
-6.0
-12.0
4.0
8.0
-4.800000000000001
-2.0
8.0
6.0
10.0
4.0
-6.0
3.0
10.0
8.0
-3.8
4.0
4.0
4.0
6.0
4.0
4.0
3.0
4.0
5.0
6.0
6.0
7.0
6.0
5.4
7.0
6.0
5.0
0.0
3.2
6.0
6.0
-6.0
6.4
6.0
6.0
-5.333333333333333
-6.0
5.0
4.0
6.0
4.0
-6.0
0.25
10.0
7.0
-1.0
6.0
-10.0
-6.0
6.666666666666667
6.0
8.0
-6.0
-4.6
-6.0
-2.8
5.76
8.0
9.0
8.0
-7.319999999999999
2.5714285714285716
-4.0
-4.0
5.333333333333333
8.0
2.6666666666666665
6.5
8.0
6.0
4.0
8.639999999999999
2.0
-4.0
4.666666666666667
6.0
3.142857142857143
-2.5599999999999996
-8.0
-6.0
10.0
6.0
-2.0
6.0
6.0
-5.25
6.0
0.0
-6.4
-6.0
-4.0
6.0
-4.0
0.0
3.4072727272727277
4.0
5.0
6.0
-8.639999999999999
6.0
9.0
12.0
4.0
4.0
-6.0
-6.0
1.6
8.0
4.0
6.0
6.0
0.0
4.0
6.0
0.0
7.0
8.0
7.0
0.0
6.666666666666667
0.0
0.0
6.0
6.0
0.0
6.0
3.0
-6.0
2.0
8.0
-6.0
6.0
6.0
-4.0
4.0
-6.0
-6.0
6.0
4.0
6.0
-6.0
1.4
6.0
-0.6666666666666666
-2.6666666666666665
-6.0
-6.0
-4.533333333333333
-6.0
-6.0
4.0
4.0
6.0
-6.0
4.0
-2.5
-6.0
4.8
5.0
4.4
-6.0
5.866666666666667
-0.16666666666666666
3.0285714285714285
-7.5
4.0
7.0
4.0
1.3333333333333333
6.0
5.0
4.666666666666667
8.0
4.0
4.0
5.4
-8.0
-8.0
-8.0
-1.0
6.5
8.0
10.0
1.8
6.0
-8.0
2.6666666666666665
6.4
4.800000000000001
7.0
6.0
-10.0
-4.0
-3.9000000000000004
-4.7
-5.6
1.0
1.5
0.0
-6.0
0.0
1.0
6.0
2.0
2.6666666666666665
6.0
0.0
-4.666666666666667
-6.0
-7.666666666666667
0.3333333333333333
2.5
-2.0
8.0
-1.3333333333333333
-6.0
10.0
-2.75
1.0
5.4
-6.0
-4.0
6.0
-7.2
3.8400000000000007
8.0
0.0
-6.0
6.0
6.0
8.0
-12.0
-6.0
8.0
0.0
8.0
6.0
4.0
-1.0
-6.0
8.0
6.0
-6.0
4.0
2.0
-6.0
4.0
8.0
-6.0
-3.2
7.0
-4.0
1.5
6.0
-6.0
6.0
6.0
2.0
4.666666666666667
4.666666666666667
4.0
-5.0
4.0
4.0
-6.0
-1.8
-1.0
16.0
6.0
6.0
6.0
-1.0
-6.0
-4.0
-8.0
2.0
6.0
-6.222222222222222
2.0
4.0
-6.0
6.0
-6.0
-6.666666666666667
-4.0
1.0
6.0
1.8000000000000007
-4.0
-8.0
-8.0
-4.0
-10.0
0.0
4.3076923076923075
6.0
-4.0
-6.0
-1.3333333333333333
4.666666666666667
-6.0
-17.279999999999998
-6.0
-6.0
-6.0
2.6666666666666665
5.0
3.2
-5.0
0.19999999999999987
6.0
4.0
-6.0
6.0
2.5333333333333337
6.0
-2.6666666666666665
7.0
8.0
16.0
8.0
4.0
8.0
8.0
6.666666666666667
4.0
12.0
5.333333333333333
8.0
9.0
6.0
6.0
12.0
12.0
4.0
12.0
6.0
7.0
10.5
8.0
8.0
8.0
8.0
10.5
7.0
8.0
0.0
6.4
7.0
7.0
6.0
11.52
4.0
6.0
-6.0
6.4
-6.0
6.0
-6.666666666666667
6.0
-6.0
6.0
-0.8499999999999999
8.0
6.0
10.799999999999999
-6.0
-6.0
-6.0
4.0
3.8
-6.0
-4.0
1.5
-6.0
8.0
-6.0
4.0
-6.0
-6.0
-6.0
2.6666666666666665
8.0
4.0
-6.0
-1.6
-6.0
-6.0
6.0
6.666666666666667
2.4
-6.0
-1.0
-6.0
6.0
-4.8
-8.0
-9.0
-6.0
-6.0
-6.0
-6.0
-7.199999999999999
6.0
4.0
-3.2
4.0
5.0
-6.0
-8.0
7.199999999999999
6.0
-3.6
12.0
6.0
6.0
-6.0
-6.0
-4.0
-0.6666666666666666
-3.3333333333333335
-1.0
6.0
8.0
-0.6666666666666666
-0.6666666666666666
0.6666666666666666
-3.0
8.0
5.0
6.0
-8.0
4.0
-6.6
-6.0
-4.0
-6.0
-8.0
-8.0
4.0
-6.0
-5.0
-4.0
4.0
1.0
8.0
6.0
-6.0
8.0
-6.0
0.40000000000000036
-6.0
6.0
7.44
6.0
32.0
6.0
6.0
-6.0
6.0
1.0
6.0
1.0
8.8
-5.0
12.0
12.0
6.0
-4.0
-4.0
-6.0
6.0
-6.0
4.0
-6.0
6.0
-3.0
4.0
6.0
-6.4
-6.0
-1.0
10.0
-0.8
4.0
6.0
7.199999999999999
4.0
-8.0
-0.40000000000000036
12.0
4.0
-6.0
-6.0
-4.0
2.0
10.0
4.0
1.0
-4.0
-4.0
6.0
8.0
6.0
-12.0
9.0
12.0
5.0
8.0
9.0
-7.0
-6.666666666666667
6.0
-4.0
7.0
6.0
7.0
6.0
6.0
-2.0
6.0
4.0
-6.0
-6.0
2.0
-6.0
8.0
8.0
8.0
6.0
6.0
12.0
12.0
6.0
6.0
6.0
6.0
-3.3333333333333335
6.0
1.0
-4.4
-6.0
-12.0
-6.0
-6.0
-6.0
0.5
-8.0
-2.0
6.3999999999999995
6.0
1.0
-4.0
8.0
-1.0
8.0
-4.0
-9.0
2.5714285714285716
3.733333333333333
-8.0
7.0
6.0
0.8
-2.7
-1.3333333333333333
2.6666666666666665
-6.0
4.0
-4.666666666666667
6.0
-3.6
6.0
8.0
-6.0
-4.0
-2.0
6.0
0.0
5.0
5.0
4.0
6.0
7.333333333333333
4.666666666666667
6.0
6.0
6.0
0.0
6.0
11.0
-12.0
6.0
7.0
6.0
6.0
3.2
6.0
6.0
4.666666666666667
6.0
-6.0
-3.5
6.0
4.0
-6.0
-4.4
-4.0
-7.199999999999999
4.8
-6.4
4.0
2.0
6.0
6.0
12.0
4.0
6.0
-6.0
-8.0
-4.0
6.0
-4.8
5.0
6.0
-2.0
8.0
-6.0
2.6666666666666665
6.0
15.0
8.0
-2.2399999999999998
-6.0
7.0
6.0
12.0
4.0
6.0
4.0
5.0
4.0
4.0
4.0
0.0
6.0
1.0
-6.0
-6.0
6.0
2.0
7.0
-0.5
6.0
0.0
-6.0
3.0
-2.0
6.0
-4.8
6.0
-5.0
-5.5
-4.5
-3.0599999999999996
-5.2
3.75
-6.0
8.0
2.0
8.0
-4.933333333333334
-6.0
0.6666666666666666
3.2
4.0
-4.5
-5.0
-6.0
4.0
-6.0
-6.0
-6.0
4.0
-6.0
-4.5
-4.0
6.0
0.0
7.199999999999999
6.0
6.0
6.0
4.0
-6.0
4.0
4.0
-4.0
-2.84
4.0
-4.800000000000001
-2.0
8.0
1.6
9.6
8.0
8.0
-4.375
-6.0
6.0
4.0
4.0
-6.0
6.0
-6.0
4.0
-6.0
6.0
-0.5999999999999999
-6.0
-6.0
-5.0
-4.0
6.0
8.0
-6.0
-6.0
-8.0
-4.933333333333334
-4.375
-6.0
7.0
6.666666666666667
-6.0
4.0
8.0
5.333333333333333
6.0
6.0
4.0
5.0
6.0
2.3333333333333335
-4.933333333333334
6.0
6.0
-6.0
-2.0
-5.0
-4.0
6.0
2.6666666666666665
6.0
6.0
4.0
-8.0
4.0
6.0
6.0
4.0
-6.0
-1.2000000000000002
-2.0
8.0
4.0
0.0
-8.0
-8.0
-5.0
5.5
4.0
-6.0
-6.0
-4.0
-4.0
8.0
6.0
8.0
-4.0
4.0
-5.0
6.0
-5.0
2.0
-8.0
6.0
4.0
-1.0
2.0
-8.0
4.0
4.4
5.0
8.0
6.0
2.0
-6.0
6.0
7.0
-8.0
6.0
6.0
4.0
8.0
6.333333333333333
-2.0
-5.4
6.0
2.0
6.0
9.0
8.0
-6.0
6.0
6.0
6.0
-6.0
6.0
-6.0
6.0
-6.0
8.0
-6.0
-9.6
-2.0
4.0
10.0
6.0
6.0
-10.0
-6.0
-3.0
-9.0
4.0
8.0
8.0
7.0
8.0
4.5
-1.75
5.0
6.0
16.0
5.0
5.0
8.0
-1.75
-4.0
-6.0
2.0
2.6666666666666665
-6.0
-1.0
12.0
4.0
0.0
4.0
-6.0
8.0
4.0
-3.6666666666666665
5.0
-6.0
-2.6666666666666665
2.0
6.0
1.0
-12.0
-6.0
-6.0
4.0
4.0
-6.0
8.0
0.0
-10.0
22.5
-4.0
-6.533333333333334
-6.05
-1.0
-1.0
-6.0
6.0
-6.0
-8.0
-14.399999999999999
3.6
-4.800000000000001
6.333333333333333
-2.0
4.0
-6.0
-6.0
-0.6000000000000001
7.0
9.0
6.0
6.0
7.0
4.0
4.0
4.0
-6.0
-6.0
6.0
-6.0
8.0
6.0
-6.0
2.0
2.0
-1.0
2.0
-6.0
1.0
-6.0
-6.0
-5.0
-4.266666666666667
-6.0
-6.0
7.0
-4.933333333333334
12.0
9.0
12.0
-6.0
-6.0
-4.0
-6.0
5.25
-8.0
6.0
-4.0
-4.800000000000001
7.0
3.2
-4.0
-4.0
9.0
9.0
-8.0
-8.0
1.5
-5.0
4.0
-3.2
6.0
6.0
6.0
1.3333333333333333
4.0
-8.0
-1.0
8.0
-8.0
6.5
-2.0
12.0
-6.0
6.0
-4.0
-3.92
-4.0
10.0
6.0
4.0
6.0
8.0
6.0
3.0
5.0
4.0
6.0
6.0
7.333333333333333
7.0
8.0
6.0
-6.0
-4.0
-4.0
6.0
6.0
6.0
9.6
6.0
-6.0
7.0
4.571428571428571
4.0
4.0
4.0
-4.0
6.0
4.0
4.0
-0.39999999999999974
0.0
-2.8
-4.0
-5.4
-8.0
6.0
-6.0
4.0
-5.0
7.333333333333333
6.0
1.0
7.0
6.0
8.0
-6.0
6.0
6.0
2.5
8.0
8.0
8.0
6.0
-8.0
5.0
5.0
6.0
5.0
6.0
4.0
4.0
8.0
5.0
8.0
6.0
7.0
8.0
6.666666666666667
7.333333333333333
7.0
5.0
3.3333333333333335
-4.68
8.0
-8.0
2.0
-6.0
-2.0
5.0
-6.0
8.0
-2.0
8.0
5.0
8.0
-8.0
8.0
3.3333333333333335
6.0
4.0
6.0
-5.733333333333333
6.0
8.0
-4.0
5.0
2.1333333333333333
-5.253333333333333
4.0
5.0
6.0
6.5
-6.0
-2.0
-1.6666666666666667
5.0
1.0
4.8
6.0
-6.0
-6.0
-6.0
-6.0
6.0
-9.0
1.3333333333333333
-6.0
-6.0
-8.0
8.0
0.0
2.0
8.0
5.0
-4.0
8.4
7.0
-5.4
5.0
6.0
12.0
8.0
-4.0
-4.0
0.0
1.3333333333333333
-8.5
-1.0
2.0
7.0
-2.0
15.0
0.0
7.903999999999999
6.0
5.0
5.0
6.0
5.0
-1.52
8.0
4.0
-4.0
4.0
6.0
0.0
5.0
-4.0
2.6666666666666665
-4.0
-7.199999999999999
9.0
-4.0
-1.0
1.5
-6.0
6.0
-6.0
-6.0
-6.0
-6.0
8.0
-2.5
7.6
2.0
2.8
6.0
8.0
-6.0
6.0
-4.0
-6.0
6.0
-1.0
-8.0
0.0
6.0
-8.0
8.0
-6.0
-6.0
8.0
2.7
-8.0
4.0
-1.0
2.0
-6.0
4.0
-7.0
2.3555555555555556
2.3555555555555556
6.0
-6.0
-8.0
-4.0
6.0
3.3333333333333335
6.0
-2.5
4.0
0.625
6.0
4.0
-6.0
3.733333333333333
-5.6000000000000005
4.0
6.0
-0.5
12.0
6.0
0.0
7.199999999999999
5.0
-1.2
4.333333333333333
4.666666666666667
8.0
6.0
7.0
-4.0
8.0
10.0
8.0
0.625
6.0
5.0
6.666666666666667
4.0
6.666666666666667
6.0
6.0
-6.0
4.0
8.0
2.0
12.0
6.0
-4.0
6.0
8.0
4.666666666666667
4.0
1.0
8.0
8.0
6.0
-6.0
6.0
8.0
5.0
2.0
4.0
-6.0
-6.0
8.1
8.0
16.0
-6.0
4.0
7.333333333333333
6.5
-6.0
8.0
6.5
-8.0
5.0
6.0
5.0
5.0
0.31999999999999995
8.0
8.0
8.0
8.0
1.0
-3.0
-2.6666666666666665
2.0
6.0
3.2
-0.6285714285714287
-6.0
-6.0
5.0
6.0
1.4
8.0
-4.0
10.0
-6.0
-6.0
-6.0
6.0
1.0
5.6000000000000005
-6.0
-6.0
-6.0
-6.0
-6.0
2.0
8.0
1.0
1.0
-6.0
-6.0
-4.0
-6.0
-6.0
-6.0
-6.0
-6.0
4.0
-6.0
4.0
-6.0
4.800000000000001
-2.2
-2.0
4.0
-6.0
4.4
1.0
-6.0
-3.0
4.0
-6.0
1.5
-2.7
-6.0
-6.0
-1.0
-6.0
-6.0
-0.3333333333333333
-4.0
4.800000000000001
12.0
6.0
0.0
-6.0
1.0
6.0
-6.666666666666667
4.0
-8.0
4.0
-2.6666666666666665
-6.0
-6.0
-6.0
-4.0
8.0
-9.0
8.0
7.0
-4.0
6.0
8.0
7.0
0.0
-4.0
-6.0
0.6666666666666666
1.3333333333333333
-7.0
-6.0
-1.0
-1.0
-6.0
1.0
-3.2
-6.0
-6.0
-5.0
-6.0
2.0
4.0
12.0
0.6000000000000001
7.0
-1.0
6.0
-8.0
-2.0
-4.0
6.0
6.0
-4.0
-6.0
7.2
7.5
-1.0
-8.76
-4.4
6.0
4.0
0.0
4.0
6.0
-10.0
-3.0
9.0
6.0
6.0
-7.0
-6.0
6.0
-4.0
9.0
5.333333333333333
9.0
8.0
-6.0
6.0
-4.0
6.0
6.0
0.2
5.6
6.0
7.0
6.0
4.0
6.0
2.0
-5.0
4.0
-7.0
-6.0
-6.0
-6.0
-6.0
-4.800000000000001
-6.0
5.0
4.0
4.0
5.333333333333333
5.333333333333333
-6.0
2.0
6.0
0.4
4.0
-4.4
-4.0
4.666666666666667
4.0
9.0
-0.35714285714285715
1.0
16.0
-4.0
-6.0
-8.0
6.0
-6.3999999999999995
-6.0
-2.0
4.0
-1.0285714285714285
8.0
-3.4285714285714284
-4.0
-6.0
-2.0
4.0
-1.3333333333333333
-3.2
-6.0
-8.0
-6.0
1.8
-6.0
-6.0
6.0
-5.0
-6.0
-6.0
6.0
12.0
6.0
-4.0
-2.6666666666666665
4.0
-8.0
4.0
-2.4
-6.0
-7.0
0.6666666666666666
1.6
2.0
6.0
6.0
6.0
-6.0
-1.0
-10.799999999999999
-4.800000000000001
-8.0
-10.0
-4.800000000000001
3.8400000000000007
-5.333333333333333
-1.0
-6.0
-5.333333333333333
-10.0
-6.0
-6.0
12.0
-6.0
-2.8666666666666667
3.3333333333333335
6.0
6.0
8.0
-4.0
5.0
-6.0
-8.0
-6.0
4.0
-1.3333333333333333
-6.0
6.0
8.0
-6.0
8.0
-6.0
4.0
8.0
-4.0
4.0
-2.0
6.0
6.0
-1.3333333333333333
4.0
-6.0
-4.0
4.0
-4.0
0.5028571428571428
0.0
-6.0
-8.0
4.0
-3.5
-9.0
-6.0
-6.0
-1.0
8.0
-6.0
-1.0
10.0
4.0
1.5999999999999996
-6.0
-4.800000000000001
10.0
-8.0
-4.6
-6.0
4.0
-1.0
-5.0
4.0
4.0
9.0
-6.0
8.0
4.0
0.6666666666666666
-2.0
-4.0
4.0
0.0
-8.0
4.0
-6.0
-8.0
-2.0
-1.3333333333333333
0.0
-4.8
-6.0
-4.0
-7.5
-6.0
8.0
-6.0
-6.0
7.0
1.6428571428571428
8.0
-6.0
-4.0
2.0
-9.6
-3.3333333333333335
-4.0
6.0
-4.0
-6.0
-8.0
1.0
-6.0
-5.0
6.0
-6.0
9.0
4.0
8.0
6.0
6.0
8.0
2.0
8.0
4.0
6.0
6.0
2.0
6.0
6.0
6.0
6.0
6.0
6.0
2.0
4.0
5.0
6.0
8.666666666666666
10.0
4.0
2.0
6.0
-6.0
8.0
5.6000000000000005
2.0
4.666666666666667
4.0
6.0
8.0
6.0
4.0
-6.0
6.0
6.666666666666667
2.0
-2.0
6.4
5.5
8.0
2.0
-6.0
-6.0
-8.0
6.5
-6.0
2.0
-6.0
8.0
-6.0
-6.0
7.6
-6.0
8.0
-6.0
8.0
-10.5
7.5
12.0
8.0
-4.0
-6.0
4.0
-6.0
-6.0
2.0
6.0
2.0
4.8
6.0
-6.0
-5.0
2.0
-6.0
4.0
-6.0
1.3333333333333333
-4.0
-5.4
4.0
-4.0
6.0
-6.0
6.0
6.0
-3.0666666666666664
-8.0
-2.0
8.0
-4.0
0.0
-6.0
-1.0
-4.0
-8.0
-3.0
6.0
4.0
6.0
2.0
5.0
10.0
6.0
4.0
-0.7000000000000002
-1.0
-5.0
6.0
-6.0
1.7000000000000002
8.0
8.0
6.0
6.0
6.0
5.666666666666667
5.2
4.0
-2.466666666666667
-3.3333333333333335
6.0
0.0
5.0
11.0
1.0
-8.0
-4.0
4.0
-2.6666666666666665
2.5
-6.0
6.0
9.600000000000001
8.0
8.0
7.0
8.0
6.666666666666667
-0.6000000000000001
4.0
6.0
-7.0
8.0
8.0
-5.0
8.0
5.4
-8.0
-5.0
-6.0
1.6
6.666666666666667
6.0
-6.0
7.0
-1.7333333333333332
6.9
9.0
8.0
6.0
4.0
6.0
8.0
10.0
5.0
6.0
6.0
4.0
-3.12
-5.0
6.0
-2.0
-4.0
2.0
-8.0
8.0
-10.0
4.0
-6.0
12.0
-8.0
6.0
-1.0
-1.0
6.0
-4.0
7.0
-6.0
-0.5999999999999996
6.0
0.0
4.0
7.0
-6.0
-6.0
3.3333333333333335
8.533333333333333
-4.0
12.0
-8.0
4.0
3.3333333333333335
6.0
4.0
8.0
9.0
1.0
10.0
8.0
-4.0
11.52
6.0
4.8
8.0
4.0
7.0
12.0
6.0
6.0
2.75
6.0
-6.0
7.0
8.0
6.0
6.0
6.0
9.0
6.666666666666667
4.0
-8.0
2.0
4.0
-2.0
-6.0
5.0
-7.226666666666667
-4.0
2.0
-2.6666666666666665
4.0
5.0
2.0
5.0
6.0
6.0
6.0
0.0
-4.0
4.0
-12.0
6.0
-12.0
8.0
6.0
5.0
5.333333333333333
5.0
-2.4000000000000004
-6.0
-5.88
-1.0
-4.88
6.0
4.0
6.5
-6.0
5.6
-3.111111111111111
6.666666666666667
7.333333333333333
6.5
5.0
-1.0
5.0
5.5
-14.399999999999999
6.5
6.0
-1.0399999999999998
6.0
-8.0
-5.0
-4.0
6.0
6.0
-4.4
-10.0
-4.0
-8.0
-4.0
-6.0
4.0
8.0
-6.0
-2.0
12.0
6.0
-6.0
-6.0
10.0
-6.0
-3.3333333333333335
4.0
5.0
4.0
4.0
6.0
4.0
6.0
-6.0
-4.0
12.0
-5.0
0.0
-6.0
4.0
15.0
-6.0
-6.0
5.0
-6.0
4.0
6.0
8.0
-6.2
4.0
-3.0
-6.0
4.0
-6.0
2.5714285714285716
3.0
-5.0
10.0
-1.0
6.0
-6.0
-6.0
-6.0
4.0
-8.0
-4.0
5.0
-10.0
6.0
-6.0
4.0
6.266666666666667
8.0
5.0
4.0
-6.0
-6.6
4.0
-8.0
-4.0
6.0
-6.0
5.333333333333333
4.0
-5.0
4.0
6.0
6.0
6.0
6.0
-6.0
-2.6666666666666665
6.0
-6.0
-8.0
-8.0
-1.6
0.5
-9.0
-6.0
0.6
0.0
0.5
-8.0
10.0
6.0
6.0
12.0
0.4
4.0
4.0
6.0
-6.0
2.3333333333333335
-6.0
-8.0
0.0
1.6666666666666667
0.0
-11.76
6.0
0.2666666666666666
4.0
4.0
-9.0
7.333333333333333
-6.0
8.0
6.0
1.3333333333333333
-10.0
6.5
-8.0
8.0
6.0
-6.0
6.0
4.0
-6.0
8.0
-6.0
6.0
-7.0
6.0
6.0
7.0
-6.0
4.0
-7.0
-7.0
8.0
8.0
-0.6666666666666666
-4.0
8.0
6.4
6.0
-6.0
-4.0
8.0
-0.5333333333333332
0.0
8.0
0.0
1.2
10.5
1.3333333333333333
6.0
10.5
-4.0
-7.333333333333333
1.2
-2.6666666666666665
6.0
8.0
4.0
9.6
-4.0
9.0
4.800000000000001
5.0
-8.0
7.0
6.0
16.0
8.0
3.8666666666666667
4.0
7.0
0.0
-6.0
16.0
-6.0
6.0
-6.0
4.0
8.0
6.0
4.0
6.0
5.333333333333333
-6.0
6.0
6.0
6.0
5.0
2.6666666666666665
1.0
7.0
5.0
2.6666666666666665
7.0
3.0
6.0
12.0
7.0
6.0
-8.0
-5.5
7.0
8.0
6.0
6.0
6.0
-2.0
8.0
4.0
4.285714285714286
6.0
4.0
5.733333333333333
3.733333333333333
5.333333333333333
6.0
5.2
8.0
2.0
-5.0
6.0
0.0
7.333333333333333
6.666666666666667
4.0
6.0
5.333333333333333
2.6666666666666665
2.2
-6.5
4.0
-5.0
-6.8
-8.0
0.0
-2.0
-6.0
-6.0
5.4
-6.0
0.6666666666666666
-4.0
7.0
2.0
0.0
-0.6666666666666666
8.0
-6.0
-6.0
-6.0
4.0
2.0
-0.5
0.13333333333333344
-6.0
-1.0
-9.333333333333334
-6.0
-0.2
-6.666666666666667
1.6666666666666667
7.199999999999999
4.0
-5.9
-6.0
5.0
8.0
-4.0
-6.0
-4.800000000000001
-6.0
-4.0
4.0
5.0
2.6666666666666665
-3.5
0.0
-6.0
-6.0
-1.4
-8.0
-6.4
0.0
9.0
-6.0
8.6
5.0
4.0
4.0
-9.0
-6.0
7.0
5.5
4.0
6.0
4.0
4.0
8.0
6.0
4.0
4.0
7.0
6.0
8.0
-3.5
6.0
8.0
12.0
12.0
-6.0
-6.0
-6.0
-3.3333333333333335
-4.0
6.0
7.0
8.0
-4.666666666666667
4.0
0.0
-4.4159999999999995
-8.0
6.0
4.0
4.0
4.0
4.0
1.7999999999999998
8.0
2.0
-4.5600000000000005
-6.0
6.0
0.0
6.0
6.0
-6.0
0.0
4.0
4.6
-2.0
1.1666666666666667
5.5
18.0
3.0
10.0
4.0
-6.0
-4.0
6.0
-6.0
1.3333333333333333
6.0
-3.0
10.0
5.0
-6.0
2.4533333333333336
-4.933333333333334
-1.2
6.0
-5.0
6.0
4.0
-10.0
-4.0
-6.0
-6.0
5.0
6.0
-2.0
6.0
-6.0
-6.0
6.0
-7.0
-1.0
-1.0
9.0
-8.0
-8.0
-2.0
6.666666666666667
10.0
6.0
-6.0
-4.666666666666667
6.0
-8.0
6.0
6.0
6.0
1.0
-2.5714285714285716
-6.0
-4.0
0.5999999999999996
-6.0
-6.0
2.0
-8.0
6.0
-4.0
6.0
-6.0
8.0
-6.0
-8.0
6.0
6.0
-6.0
-4.0
-2.0
4.0
-1.0
12.0
6.0
3.0
-1.4285714285714286
-6.0
6.0
-8.0
-2.6666666666666665
-5.0
-8.0
-5.333333333333333
-6.0
6.0
6.333333333333333
-6.0
8.0
0.6666666666666666
8.0
8.0
-8.0
-4.800000000000001
6.0
8.0
-6.0
-8.0
8.0
8.0
5.0
-6.0
6.0
-4.0
6.0
-6.0
-7.8
-8.0
6.333333333333333
8.0
-6.0
-4.0
7.0
10.0
3.75
8.0
-4.0
6.0
5.0
6.0
-6.0
6.5
6.0
6.0
6.0
-6.0
4.0
-6.0
-6.0
4.0
-6.0
18.0
-6.0
6.0
8.0
6.0
6.0
6.0
6.0
6.0
6.0
4.666666666666667
-6.0
6.0
8.666666666666666
6.0
6.0
6.0
6.0
-6.0
6.0
6.0
-0.5999999999999996
3.3333333333333335
8.0
-6.0
3.25
6.640000000000001
6.0
8.0
6.0
2.5
10.799999999999999
-6.0
-4.0
4.0
4.0
5.866666666666667
-6.0
2.0
8.0
-5.237333333333333
0.0
6.0
-6.0
-6.0
-6.0
7.0
8.4
4.0
9.0
6.0
-6.0
-6.0
-6.0
6.0
18.0
6.0
-6.0
6.0
-12.0
7.199999999999999
4.0
-8.0
-5.0
2.0
9.0
4.0
-10.0
-6.0
-6.0
4.0
6.0
10.0
16.0
-0.5999999999999996
6.0
6.0
-4.0
8.0
-2.0
-6.0
-4.0
4.0
11.0
-2.0
6.0
-6.0
-2.8000000000000003
-3.3333333333333335
-3.0
-6.0
-4.0
0.8
-3.5
-0.7200000000000003
-2.0799999999999996
-14.399999999999999
0.8
-6.0
-6.0
-0.6
3.6
8.0
0.0
-5.333333333333333
-6.0
-6.0
-6.0
-8.0
-6.0
-1.0
0.0
2.3333333333333335
6.0
4.0
6.0
2.0
-6.0
6.4
6.0
8.0
4.0
-5.0
-5.0
8.0
-4.4833333333333325
6.0
-6.0
4.0
-7.0
8.0
-0.6666666666666666
8.0
-4.0
4.0
-8.0
0.6666666666666666
6.0
6.4
4.0
-4.0
-4.0
-6.0
6.0
6.0
-0.7199999999999998
-2.6666666666666665
-6.0
6.0
-5.0
-0.9000000000000004
4.0
-4.0
-4.6000000000000005
2.6666666666666665
6.0
0.0
4.0
-6.0
-1.0
4.0
-3.0
6.0
8.8
-7.319999999999999
-4.0
-6.0
6.0
6.0
-4.0
-4.0
4.0
-5.466666666666666
6.0
6.0
4.0
6.0
-6.5
6.0
6.0
-1.0666666666666667
6.0
5.0
-6.0
4.8
6.0
-1.0
0.0
-4.0
5.0
4.0
-4.0
5.0
-3.3333333333333335
-6.0
6.0
2.6666666666666665
4.800000000000001
-6.0
7.5
6.0
4.0
7.5
4.0
8.0
2.0
6.0
4.0
4.0
-1.0
-6.0
8.0
8.0
8.0
-6.0
7.5
1.3333333333333333
3.6
6.0
6.0
6.0
6.0
6.0
6.0
-4.0
6.0
6.0
6.0
6.0
2.5
6.0
8.0
6.0
6.0
6.0
-2.0
4.0
6.0
6.0
6.0
2.5
-2.0
8.0
8.0
6.0
8.0
8.0
8.0
8.0
8.0
-6.0
1.3333333333333333
-6.0
0.0
-5.333333333333333
6.0
8.0
-2.5
-6.0
-6.0
2.96
6.0
-0.8571428571428571
10.0
8.0
-1.0
10.0
6.0
-2.0
-1.6
12.0
6.0
12.0
-1.5
-5.0
1.0
2.0
7.0
6.0
8.0
-1.5
-1.5
7.0
-4.333333333333333
-6.0
-6.0
-2.0
5.0
8.0
11.5
7.0
6.0
6.0
5.0
0.0
6.0
6.0
9.0
-6.0
-6.0
6.0
-6.0
10.799999999999999
-6.0
4.800000000000001
4.0
-6.0
-5.0
9.0
4.800000000000001
-6.0
-4.0
-5.4
-8.0
11.0
12.0
4.0
-3.8400000000000007
8.0
5.0
-6.0
6.0
12.0
6.0
-6.0
6.0
7.0
8.0
5.0
6.0
6.0
-6.0
6.0
4.0
-3.5
12.0
8.0
-2.0
5.0
6.8
6.0
4.0
4.0
8.0
7.0
18.0
-6.0
12.0
1.3333333333333333
9.0
12.0
4.453333333333334
8.0
8.0
12.0
10.0
3.8799999999999994
2.0
6.0
12.0
0.8000000000000002
6.0
8.0
8.0
8.0
8.0
6.666666666666667
12.0
4.0
-6.0
8.0
14.0
-6.0
4.0
-8.0
4.0
6.0
12.0
6.0
10.0
9.0
12.0
6.0
-0.5999999999999996
7.0
6.0
-10.0
12.0
6.0
6.0
6.0
5.0
8.5
5.0
7.0
12.0
7.0
4.0
9.0
6.0
12.0
12.0
6.0
6.0
6.0
4.0
12.0
6.0
8.0
8.0
6.666666666666667
7.0
6.666666666666667
8.0
9.0
6.0
-6.0
8.0
4.0
12.0
-0.5
6.0
6.0
-4.333333333333333
12.0
8.0
10.0
2.5
8.0
-4.333333333333333
2.0
-6.0
-6.0
4.0
-6.0
8.0
-8.0
8.0
8.0
6.0
-6.0
8.0
5.76
-2.0
9.0
6.0
8.0
0.0
-4.0
-5.5
-4.666666666666667
7.0
6.0
8.0
-6.0
6.0
-6.0
8.0
-0.6666666666666666
-6.0
7.0
-3.4857142857142853
-4.0
1.0
-1.0
7.0
-6.0
-6.5
-1.0
-6.666666666666667
8.0
-8.0
2.0
5.5
4.0
4.0
-4.0
8.0
1.0
12.0
-10.0
-6.0
6.0
4.0
6.0
-6.0
12.0
-10.0
-4.0
-4.0
-6.0
8.0
4.0
8.0
8.0
6.0
6.0
-4.800000000000001
6.0
6.0
8.0
-6.0
5.0
8.0
8.0
-6.0
7.0
6.0
4.0
6.0
8.0
1.0
8.0
6.0
-6.0
-2.0
-2.8799999999999994
-5.0
17.1875
6.0
8.0
4.0
4.0
5.4
5.0
-6.0
-6.0
6.0
8.0
6.0
6.0
8.0
6.0
9.0
4.0
6.0
-6.0
8.8
0.0
0.4
-2.6666666666666665
-2.0
6.0
8.0
-6.0
-8.0
-6.0
7.5
-8.0
4.666666666666667
-4.8
-4.0
-8.0
1.0
6.0
6.0
-4.800000000000001
4.0
6.0
6.0
6.0
4.0
6.0
6.0
4.0
4.0
4.0
1.2
4.0
-6.0
9.333333333333334
-5.6
-4.0
-8.0
0.6666666666666666
1.2
2.0
12.0
6.0
1.2
-2.5
-1.4133333333333333
-6.0
8.0
4.0
5.666666666666667
7.0
6.0
1.2
4.0
4.666666666666667
4.0
1.2
7.0
1.7999999999999998
1.2
5.0
6.0
-8.0
4.0
4.0
1.2
6.0
8.0
1.2
6.0
6.0
4.0
12.0
6.0
6.0
8.0
8.0
8.0
-6.4
-6.5
-1.0
6.5
-6.0
-6.0
-3.5
6.0
7.0
5.0
7.0
6.0
6.0
7.0
-0.4000000000000001
-8.0
6.0
6.0
1.3333333333333333
6.0
12.0
4.0
6.333333333333333
9.6
6.0
7.0
6.0
-6.0
12.0
6.0
6.0
4.0
4.0
6.0
3.0
6.0
6.0
6.0
6.0
7.0
3.0
6.0
6.0
6.0
2.0
4.0
0.0
6.0
-6.928
5.0
8.0
-4.0
-1.0
-4.0
-2.0
-7.0
4.666666666666667
-6.0
0.0
-5.0
-4.0
4.0
——————————01月——————————
0.0
6.0
1.0
1.5
-1.552
-1.5999999999999996
-6.0
-6.0
-6.0
5.333333333333333
3.4559999999999995
-6.0
10.0
-8.0
-6.0
-6.0
-4.2
16.0
0.0
-6.0
-6.0
-6.0
5.0
-2.0
7.6
8.0
6.0
-8.0
-8.0
5.0
6.0
-8.0
6.0
-4.0
4.0
-1.0
8.0
-3.533333333333333
-0.54
-0.8000000000000003
-6.0
4.0
1.6000000000000003
-8.0
4.0
4.800000000000001
6.0
6.0
4.0
-6.0
4.0
4.0
4.0
8.0
-8.666666666666666
6.0
6.5
-4.0
6.0
4.0
8.0
6.0
4.0
6.0
16.0
-8.666666666666666
-8.666666666666666
6.0
4.0
-2.0
-10.0
-8.0
4.0
4.0
4.0
4.0
4.0
4.0
0.0
-6.0
6.0
0.0
1.3333333333333333
0.0
7.333333333333333
-8.666666666666666
8.0
-1.0
6.0
-8.666666666666666
6.0
0.0
-6.5
-6.0
4.0
-10.0
4.800000000000001
0.0
-6.0
-8.0
-6.0
-6.666666666666667
-5.733333333333334
4.0
5.199999999999999
-6.0
-1.0
-6.0
-6.666666666666667
2.8
-6.0
-1.0666666666666667
-6.0
-7.199999999999999
-4.8
3.3333333333333335
-2.0
-6.0
3.3333333333333335
6.0
6.0
10.0
2.0
6.0
-2.0
6.0
0.8
-8.0
8.0
6.0
-2.0
6.0
5.0
6.0
6.0
0.2999999999999998
-6.0
-6.0
-1.3333333333333333
10.0
0.0
2.0
-4.0
-6.0
-4.0
6.0
-3.2
6.0
-8.0
-4.0
7.0
6.0
-5.0
2.6666666666666665
-6.0
4.0
-0.6666666666666666
-4.0
0.0
-4.0
2.0
-6.0
-8.0
-4.0
2.0
-6.666666666666667
6.0
-0.8500000000000001
-2.5
8.0
-1.0
8.0
8.0
4.0
6.0
-6.0
-6.0
-6.0
-6.0
6.0
-4.0
12.0
-6.0
8.0
-6.0
2.0
-6.0
-8.0
6.666666666666667
7.0
6.0
6.0
6.0
5.0
6.0
2.0
4.0
2.0
-8.0
4.0
-6.0
-6.0
-8.0
8.0
-5.0
4.5
6.0
6.0
8.0
5.0
0.0
-5.0
-1.9333333333333336
0.0
-5.733333333333334
8.0
8.0
5.333333333333333
-2.5
2.0
4.0
-6.5
-10.0
-6.0
-12.0
2.0
-6.5
-7.199999999999999
-1.0
-6.0
0.0
-3.2
0.0
2.0
6.0
0.0
0.7000000000000002
7.0
4.0
-6.0
7.0
-6.0
-6.0
1.0
0.0
6.0
-6.0
2.0
-6.0
-4.0
-4.0
4.0
-6.0
-2.0
-3.5
8.0
-3.5
-6.0
4.0
8.0
10.0
6.0
-6.0
-5.0
3.0
4.0
6.0
6.0
-3.5
4.666666666666667
-8.0
6.0
0.0
-1.0
4.0
6.666666666666667
8.0
-1.3333333333333333
-6.0
-6.0
12.0
9.0
-6.0
4.0
-8.0
8.0
8.0
10.0
6.4
0.0
-6.0
6.0
-8.0
6.666666666666667
8.0
-8.0
-3.1333333333333333
-5.0
-8.0
-4.0
6.0
6.0
1.0
-7.0
-2.0
-8.0
-5.0
-6.0
2.0
9.0
8.0
7.0
-6.0
-6.0
5.333333333333333
8.0
-8.0
4.0
-5.333333333333333
0.0
-11.0
5.166666666666667
-4.0
8.333333333333334
-4.0
8.0
-4.666666666666667
0.0
2.6666666666666665
9.0
-8.0
-5.0
1.4666666666666668
4.5
-8.0
-4.0
8.0
4.0
-10.2
6.0
10.0
6.0
4.0
6.0
-7.0
6.0
-12.0
-6.0
-7.5
-1.0
7.0
3.6
6.0
6.0
-2.6
-5.0
-5.0
-6.88
-4.2
-5.0
6.5
-4.0
6.0
-9.0
4.0
6.0
-6.0
-8.0
6.0
2.6666666666666665
5.0
1.4
-2.0
8.0
6.0
-12.0
7.0
-6.0
-3.2
-4.933333333333333
6.0
6.0
-1.3333333333333333
-1.0
6.0
5.0
6.0
1.0
-2.7
-1.0
9.84
-2.5
-6.0
6.0
-8.0
5.0
5.0
-7.0
-1.0
-6.0
-0.6666666666666666
-6.0
-6.0
-6.0
-4.0
5.0
0.0
-9.0
-8.0
-8.0
-6.0
-6.0
6.0
-1.0
-6.0
-4.800000000000001
-2.0
-3.2
-6.0
-6.5
6.0
-6.0
-5.333333333333333
6.0
8.0
-6.0
2.0
4.0
5.0
-4.0
2.0
-6.0
4.0
6.0
7.199999999999999
-4.0
4.0
4.0
7.0
-6.0
6.0
7.8
6.0
8.0
4.0
6.0
-6.0
6.0
6.0
6.0
4.0
-4.8
-6.0
-1.3333333333333333
-6.0
-8.0
-2.0
10.0
-6.0
-4.0
-7.68
-4.0
-1.6
3.0666666666666664
-6.0
4.571428571428571
4.0
5.0
-6.0
-4.800000000000001
-2.0
-6.0
1.3333333333333333
5.0
6.666666666666667
4.0
1.0
0.0
6.0
6.0
-4.0
-6.0
6.0
6.0
-4.0
-0.5
4.0
-6.0
-6.0
4.0
9.0
8.0
2.0
-6.0
2.0
6.0
-6.0
-3.0
-2.0
-2.0
0.0
4.0
-2.0
6.0
-2.0
6.0
4.0
6.0
6.0
8.0
6.0
-2.0
7.0
4.0
-6.0
0.5999999999999996
-8.0
-0.9333333333333336
2.3333333333333335
-2.6666666666666665
-5.0
-5.5
-5.0
-6.0
-3.84
-8.0
4.666666666666667
4.0
4.0
-6.0
4.0
4.0
-4.0
-0.8
-3.3333333333333335
-7.333333333333333
-6.0
-4.0
2.6666666666666665
6.0
-7.333333333333333
-6.0
4.0
-1.25
-4.0
-4.800000000000001
4.0
-2.0
-6.0
8.0
9.0
6.0
6.0
7.0
8.0
7.0
8.5
6.0
4.0
0.5999999999999996
3.0
4.0
-0.6666666666666666
9.0
6.0
8.0
-6.0
127.416
14.0
6.666666666666667
-5.0
-1.6000000000000005
9.0
-4.0
3.3333333333333335
6.0
2.5
-7.199999999999999
-6.0
-4.0
1.0
-6.0
-4.0
-6.0
-4.0
4.0
-9.0
-10.0
9.0
-12.0
3.3599999999999994
-6.0
9.0
-6.0
-6.0
0.0
4.0
-6.0
-8.0
3.84
4.571428571428571
6.0
-1.0
-5.4
7.199999999999999
3.0
12.0
10.0
1.0
8.0
6.0
0.0
8.0
-7.199999999999999
-8.0
6.0
4.0
-1.0
4.0
6.0
-6.666666666666667
2.6666666666666665
-6.0
4.0
-0.5
8.0
6.0
4.0
4.0
6.0
6.0
6.0
4.0
6.0
-8.0
8.0
-8.0
6.0
8.0
-6.0
4.0
-6.0
-6.0
-4.0
4.0
8.0
4.0
-6.0
4.0
6.0
-24.0
4.0
4.666666666666667
9.0
4.0
8.0
8.0
-4.0
7.0
-6.0
8.0
-6.0
8.0
0.0
8.0
4.0
-6.0
8.0
6.0
6.0
1.0
8.0
8.0
-6.0
3.5
6.0
1.0
6.0
-6.0
-6.0
-8.0
6.0
-2.0
-10.0
-8.0
-6.0
5.0
7.0
2.0
7.0
3.5
4.0
6.0
4.0
6.0
-2.0
-3.6
12.0
10.0
4.0
6.0
8.0
8.0
6.0
-6.0
3.0
-4.0
6.4
-9.0
-6.0
6.0
4.0
8.0
6.0
7.0
5.5
1.5999999999999996
6.0
7.5
4.0
-6.0
6.213333333333334
6.0
1.2
-8.0
6.0
-6.0
6.0
10.0
4.0
6.0
-4.92
1.3333333333333333
-5.0
-7.0
4.0
-6.0
-4.0
6.666666666666667
8.0
4.5
6.0
0.0
6.0
-6.0
-8.0
8.0
4.0
6.0
4.4
1.0
6.0
7.0
-6.0
3.3333333333333335
2.0
-4.800000000000001
-2.6666666666666665
6.0
6.0
6.0
6.0
-1.6666666666666667
-6.0
8.0
2.3333333333333335
-4.0
3.0
4.0
-1.0
0.3999999999999999
-5.2
3.0
7.199999999999999
2.1333333333333333
-4.666666666666667
6.0
-6.0
-8.0
-9.0
6.0
8.0
-7.6
-2.0
2.6666666666666665
-2.7777777777777777
6.0
-8.0
-7.0
-6.0
0.0
-6.0
8.0
-5.2
-6.533333333333334
6.0
-8.0
6.0
-6.0
-8.0
8.0
4.0
-6.0
12.0
-8.0
4.0
-6.0
6.0
6.0
-2.6666666666666665
8.0
9.0
-6.0
-8.0
5.333333333333333
0.0
-6.0
8.0
-6.0
0.2666666666666669
-6.0
-6.0
-6.0
6.0
6.0
-2.0
12.0
6.0
6.0
8.0
6.0
0.0
-6.0
6.0
-6.0
6.0
-7.199999999999999
4.586666666666667
5.0
2.0
4.0
-6.0
6.0
6.0
9.0
-2.88
7.0
-9.0
9.0
-6.0
-6.0
-6.0
16.0
-6.0
-4.8
0.0
0.8
-8.0
-2.0
6.0
-12.0
10.0
6.0
4.0
15.0
6.0
1.5
-2.0
7.0
-6.0
6.0
6.0
8.0
-1.0
2.0
8.0
8.0
-6.0
-6.0
-6.0
-6.0
0.5999999999999996
10.0
6.0
-10.799999999999999
6.0
-6.0
8.0
-6.0
7.0
6.0
6.0
4.0
8.0
4.0
6.0
4.0
8.0
8.0
-6.0
-6.0
4.0
8.0
12.0
3.5
1.7142857142857142
4.0
4.0
-6.0
4.0
3.5
4.0
4.0
4.0
-6.0
4.0
4.0
6.0
-6.0
4.0
3.5
5.0
8.0
-6.0
-6.0
6.0
-6.0
4.0
4.0
-4.0
-4.0
-11.52
-6.0
-8.0
4.0
-7.0
6.0
3.5
10.0
1.0
-6.0
-6.0
-8.799999999999999
4.4
-6.0
-4.0
-0.25
4.0
-9.0
-6.0
1.6666666666666667
-6.0
-2.0
10.0
4.0
5.333333333333333
-6.0
-6.0
6.0
-2.0
-8.0
4.0
-1.3333333333333333
6.0
-6.0
-6.0
7.0
4.0
4.0
7.199999999999999
0.6666666666666666
5.5
4.0
10.0
-6.0
-10.0
-6.0
-6.0
1.6
-6.0
-3.2
9.0
4.0
-4.8
6.0
-4.800000000000001
6.0
10.0
4.0
-2.9
1.5
5.0
6.0
-6.5
-2.0
-6.0
6.0
-5.4
-6.8
-5.333333333333333
3.5
-6.0
-4.0
10.0
-6.0
8.0
-6.0
-3.2
0.0
-6.0
-6.0
-6.0
8.666666666666666
4.0
8.0
4.0
-6.0
-6.0
8.0
-6.0
6.0
6.0
-5.333333333333333
6.0
4.0
6.0
6.0
8.0
6.0
4.0
-1.0
7.0
4.0
6.0
4.0
6.0
4.0
6.0
4.0
8.639999999999999
8.0
-2.0
7.0
8.0
5.0
6.0
8.0
6.0
-6.0
4.0
4.0
4.0
8.0
-6.0
8.0
-7.0
-6.0
6.0
3.5
-6.0
5.0
-3.0
8.0
7.333333333333333
4.0
-6.6
4.0
6.0
5.0
8.0
-4.0
6.0
12.0
6.0
-1.3333333333333333
12.0
4.0
9.600000000000001
-6.0
4.0
-8.0
-6.0
4.0
-0.02666666666666669
6.0
6.0
-6.0
-4.0
-6.0
1.0
6.0
8.0
10.0
6.0
-2.0
10.0
1.0
-4.0
-6.0
6.0
4.0
-6.0
-4.8
-6.0
12.0
5.0
12.0
6.0
6.0
-8.0
4.0
-8.0
8.0
6.666666666666667
-6.0
4.0
6.0
-6.0
6.4
-2.0
6.4
6.0
8.0
0.7
2.6666666666666665
4.0
-6.0
6.0
-1.375
6.0
-6.0
-6.0
-8.0
-6.8
7.0
-6.0
1.5
6.0
-6.0
-1.3333333333333333
7.0
4.0
-7.919999999999999
5.0
-6.6
4.0
-6.0
6.0
-6.0
2.0
6.0
-7.0
-6.0
-1.3333333333333333
3.0
0.0
-6.0
-2.0
-6.0
-6.0
6.0
4.0
-6.0
6.0
6.0
12.0
8.0
7.0
-6.0
6.0
4.0
8.0
6.0
4.0
2.7
6.0
-6.0
6.0
4.0
8.0
6.0
4.0
6.0
8.0
6.0
-4.0
8.0
6.0
6.0
2.0
6.0
4.0
12.0
8.0
8.0
-6.0
-2.0
1.0
4.0
8.0
6.0
0.0
7.0
-6.0
3.0
8.0
12.0
6.0
9.0
6.0
7.0
-10.15
-6.0
8.0
8.0
7.0
-6.0
4.0
5.0
6.0
10.0
6.0
-6.0
8.0
7.0
4.0
6.0
8.0
-6.0
16.0
-6.0
0.0
8.0
4.0
-8.0
7.319999999999999
-6.0
-3.0
8.0
8.0
-6.0
-2.4
1.5
8.0
6.0
8.0
-6.0
-0.3333333333333333
8.0
-7.0
1.0
4.533333333333333
-4.0
-6.0
8.0
4.0
-4.0
1.7000000000000002
6.0
8.0
6.0
4.0
-2.0
5.0
6.0
0.0
-6.0
8.0
4.0
-10.0
6.0
6.0
0.5999999999999996
6.0
-4.0
-6.0
4.0
6.0
6.0
6.0
-2.0
5.6
8.4
-6.0
4.0
8.0
4.0
1.0
-4.0
7.1
6.0
10.0
4.0
6.0
4.0
7.5
4.0
-2.0
-6.5
-1.5
-1.3333333333333333
6.8
-5.6000000000000005
6.0
10.0
6.728
-8.0
12.0
6.728
12.0
6.0
6.0
5.0
6.0
6.0
4.0
-6.0
-5.2
6.728
-6.0
6.0
6.0
6.0
4.0
9.0
-6.0
-6.0
6.0
8.0
6.0
4.0
6.0
6.728
0.0
6.0
6.0
6.0
8.0
6.666666666666667
7.0
9.0
6.0
9.0
6.728
3.5
-4.0
-1.7777777777777777
8.0
8.0
-6.0
6.0
1.3333333333333333
4.0
-4.0
-4.0
4.0
2.0
-7.0
6.0
-8.0
7.0
4.0
-1.4
2.0
-6.0
-6.0
-8.0
4.0
-6.0
6.0
6.0
6.0
4.0
-6.0
6.0
4.0
4.0
6.0
5.2
8.0
-4.0
6.0
-6.0
-6.0
6.0
-6.0
4.0
-6.0
0.0
6.0
4.0
-6.0
3.5
7.333333333333333
-2.0
-3.0
-6.0
8.0
3.3
-4.666666666666667
10.0
6.0
-8.0
-4.0
-8.0
-4.333333333333333
0.0
-6.0
-3.2
-3.2
6.0
7.0
4.0
4.0
-8.0
4.0
4.0
-2.0
0.6666666666666666
-6.5
4.0
4.0
-1.5
-0.18181818181818182
0.0
4.0
8.0
2.3333333333333335
3.2
-8.0
-4.0
-8.0
5.928571428571429
-6.0
8.0
3.5
6.0
6.0
9.0
5.0
4.0
-0.4
4.0
6.0
9.0
3.5
8.0
8.0
0.0
9.0
-1.7973333333333332
8.0
-6.0
8.0
0.0
-1.0
16.0
-4.5
-0.2999999999999998
7.5
-8.0
-4.4
-6.6
4.0
10.0
2.6666666666666665
-8.0
-8.0
7.0
-6.0
10.0
16.0
8.0
-4.0
6.0
-2.0
-4.0
6.0
6.5
0.0
-6.0
-8.0
-7.199999999999999
4.0
8.0
6.0
4.0
4.0
7.0
6.0
-8.0
3.3333333333333335
-1.0
-3.6
-4.0
-4.0
-3.2
-3.2
-5.5
4.0
-4.0
0.0
-3.2
4.0
-2.0
-1.0
-6.0
4.0
4.0
-0.6666666666666666
6.0
4.0
-4.0
4.0
4.0
-6.0
7.0
4.0
6.0
-9.0
-6.0
6.0
4.0
-6.0
-6.0
10.0
-4.0
0.0
-6.0
2.6666666666666665
1.0666666666666667
4.0
6.0
6.0
7.0
4.0
9.6
6.880000000000001
4.0
5.6
7.0
5.333333333333333
1.3333333333333333
-7.0
4.0
5.0
6.0
4.0
2.0
6.0
4.0
6.0
8.0
8.0
10.0
-6.0
8.0
6.0
6.0
3.2
4.0
8.0
6.0
1.0
8.0
4.0
6.24
4.0
8.0
4.0
2.0
6.0
6.0
7.0
-0.16000000000000014
6.0
-6.0
6.0
4.0
6.0
6.0
8.0
6.0
-1.0
6.0
5.714285714285714
13.5
9.0
-6.0
2.0
-8.0
6.0
8.0
9.0
8.0
9.0
0.0
0.0
-4.0
2.0
4.0
3.5
8.0
0.0
0.6666666666666666
-6.0
-6.0
5.5
6.0
-6.0
6.0
9.0
-3.0
-4.0
-8.0
-1.3333333333333333
4.0
-6.0
6.0
4.0
6.0
6.0
0.0
-8.0
6.0
1.0
10.0
4.0
4.4
5.0
0.0
-6.0
5.0
-4.0
6.0
-4.0
-8.0
1.0
-1.0
-8.0
-5.0
6.0
6.0
1.3333333333333333
-3.0
0.9333333333333336
6.5
-6.0
-2.0
7.0
4.0
-6.0
10.0
8.0
3.5
-10.0
5.16
0.8
-7.0
0.6666666666666666
-7.333333333333333
-6.0
10.0
-4.0
6.0
-8.0
8.0
8.0
8.0
10.0
4.0
-2.0
8.0
3.3333333333333335
-4.0
-0.6399999999999999
-4.0
-6.0
-8.0
-5.0
-8.0
-4.666666666666667
6.0
2.4
-3.5
4.0
4.0
-6.0
-6.0
-1.0
-1.8666666666666665
6.0
8.0
0.0
4.0
6.0
6.0
4.0
6.0
4.0
10.0
-6.6
-1.6
6.0
-2.4
7.0
4.0
6.0
4.0
-6.0
4.0
4.0
4.714285714285714
6.0
7.0
-3.533333333333333
-7.6
-8.0
-4.8
7.5
6.8
6.666666666666667
-7.199999999999999
8.0
2.8
1.0
-6.0
-8.0
4.0
6.0
8.0
6.0
4.0
-7.5
-8.0
-6.0
7.5
-2.0
12.0
6.0
-6.0
8.0
-8.0
5.333333333333333
-1.4
7.0
3.2
5.0
6.0
-6.0
6.0
-6.0
-8.0
-6.0
-2.0
9.0
6.0
8.0
0.0
8.0
6.0
0.0
6.0
-10.0
-2.4
-2.0
-8.0
4.333333333333333
-7.0
-3.5
6.319999999999999
-0.5
-4.6
6.0
-1.0
6.0
-6.0
-2.0
5.76
9.0
-4.666666666666667
6.0
6.0
-2.4
-2.0
2.4
6.319999999999999
8.0
6.0
6.0
-8.0
-4.0
4.0
-6.0
4.0
-2.0
0.0
2.4
1.5
-0.09999999999999994
6.0
-2.0
-6.0
8.0
7.0
6.0
-6.8
6.0
10.0
0.6666666666666666
-4.800000000000001
8.0
6.0
-6.0
0.6666666666666666
1.3333333333333333
-6.0
16.0
-6.0
-6.0
1.0
-10.0
7.0
6.0
8.0
10.0
-6.0
7.0
4.666666666666667
-6.0
-4.0
4.0
8.0
1.0
8.0
-6.0
8.0
6.0
-8.0
-6.0
6.0
-6.0
-4.0
6.0
3.92
-1.0
5.0
-3.2
3.84
4.0
6.0
6.0
2.5
0.0
-6.0
-6.0
6.0
7.0
8.0
8.0
1.75
6.0
8.0
8.0
4.0
0.0
5.0
4.16
6.0
5.75
7.0
-8.0
-1.0
6.0
-4.0
5.0
8.0
-8.0
12.0
2.5
1.2
1.0
6.0
9.0
3.0
-6.0
-6.0
-3.2
4.0
8.0
4.0
8.0
-6.0
-8.0
6.0
-4.0
5.0
6.0
8.0
-1.5
8.0
2.6666666666666665
4.0
4.0
-4.0
4.0
12.0
4.0
-7.866666666666667
5.0
6.0
4.0
-6.0
8.0
2.6
6.0
4.0
4.0
6.0
6.0
4.0
6.0
9.0
4.0
6.0
-2.0
4.0
4.0
6.0
6.0
6.0
7.0
-7.666666666666667
4.0
1.0
-4.0
-7.0
6.0
6.0
6.319999999999999
-6.0
-6.0
-7.199999999999999
1.0240000000000002
-4.5
1.0
4.0
1.0
2.6666666666666665
-0.5999999999999996
10.0
6.0
-1.0
2.5
6.0
-4.0
-6.0
-6.0
6.0
1.8857142857142857
8.0
-6.0
-4.0
-4.0
-1.0
-6.0
-6.0
-8.0
-12.0
-6.0
-16.0
6.0
-6.0
-5.0
-5.0
-4.0
-6.0
-6.0
-7.0
6.0
6.0
-1.0
-6.0
4.0
-0.16000000000000014
4.0
-6.0
-6.0
1.0
1.0
-9.0
-2.5
4.0
-6.0
-6.133333333333333
-6.0
-6.0
2.4
6.0
-6.0
16.0
8.0
-4.0
0.0
-4.0
-6.0
-4.0
4.0
-2.0
6.0
-2.9605947323337506e-16
-6.0
-6.0
-0.6666666666666666
6.0
-6.0
-8.0
-6.0
-6.0
6.0
-8.0
-8.0
-4.0
1.0
-6.0
6.0
-5.333333333333333
-7.0
4.800000000000001
1.0
-6.5280000000000005
6.0
4.0
6.0
-8.0
-6.0
-6.0
-4.666666666666667
-6.0
4.800000000000001
-4.0
0.6666666666666666
0.0
-6.0
2.5
6.0
6.0
-7.0
0.0
6.0
4.800000000000001
-6.0
-1.0
4.0
3.2
-2.6666666666666665
-4.0
-4.36
-6.0
6.0
6.666666666666667
-5.333333333333333
10.0
8.0
-5.0
-7.0
1.0
-5.333333333333333
-6.0
8.0
5.333333333333333
2.5
5.0
-7.199999999999999
-1.7000000000000002
-6.0
0.0
-6.0
13.5
8.0
-6.0
-5.333333333333333
2.6666666666666665
10.0
-6.0
5.0
8.0
9.0
1.0
6.0
8.0
-6.0
-8.0
4.0
4.0
-6.0
6.0
6.0
8.0
0.0
9.6
-5.0
-6.0
6.0
-5.0
6.0
10.0
3.2
-6.0
-0.5999999999999996
6.0
-1.0
-1.2
2.5
-6.0
7.333333333333333
4.0
-6.0
-6.0
-5.333333333333333
4.0
5.0
10.5
6.0
8.0
-1.0
6.0
9.0
4.0
10.5
6.0
6.0
4.0
2.0
9.333333333333334
8.666666666666666
0.25
-5.0
7.0
6.0
-8.0
4.0
-10.0
6.0
4.0
5.0
-6.3
-2.0
4.0
-6.666666666666667
6.0
8.0
-4.0
-3.6666666666666665
-1.0
4.16
6.0
-5.0
3.2
-2.0
2.0
-4.800000000000001
2.0
3.0
-4.0
-4.0
-6.0
4.0
-8.0
0.0
-8.0
8.0
-6.0
8.0
-5.0
2.5
4.0
-4.800000000000001
6.0
-6.0
-7.199999999999999
-4.0
8.0
1.0
4.0
8.0
8.0
-8.0
-7.199999999999999
-12.0
2.0
9.0
24.0
4.0
6.0
4.0
6.0
7.5
-1.0
-4.0
10.0
-7.666666666666667
-2.0
-2.0
-1.2
-6.0
-6.0
2.5
4.0
6.0
2.5
-5.333333333333333
-8.0
-8.0
4.0
-5.6
5.0
-6.0
-6.1
-4.0
8.0
6.0
-6.0
4.0
-8.0
-13.333333333333334
-6.0
3.8400000000000007
-7.0
-4.8
-6.0
-4.0
8.0
-6.0
6.0
7.2
-6.0
-6.0
-0.8666666666666668
-4.0
-1.0
5.0
-5.0
-6.0
8.8
0.0
4.0
1.0
6.0
-6.0
-3.2
6.666666666666667
-1.8
0.8
5.0
-5.333333333333333
-10.0
4.0
6.0
6.0
-8.0
-6.0
-6.0
7.0
-5.0
-3.9200000000000004
8.0
6.0
-8.0
-6.0
-6.0
3.6
-0.5
-6.0
-8.0
-1.1428571428571428
-4.0
-6.0
-4.0
6.0
6.0
-4.0
-6.0
2.0
5.0
1.0
2.266666666666667
-1.7142857142857142
-7.0
-6.0
-4.8
-7.0
2.0
10.0
-4.0
4.0
-14.4
-4.0
-5.0
-2.0
5.666666666666667
7.6
-7.0
1.7999999999999998
-6.0
-6.0
4.7
-6.0
-2.0
-6.0
8.0
-2.4
-6.0
6.0
-1.0
-8.0
4.800000000000001
-6.0
-10.0
-6.0
9.0
5.0
3.5
-4.0
6.0
4.0
4.8
-8.0
6.0
-6.0
-6.0
-4.0
6.0
5.0
6.4
6.0
8.0
-0.5
-0.45333333333333375
-6.0
6.0
6.0
6.0
6.0
4.0
1.3333333333333333
6.0
6.0
-1.0
3.84
6.0
6.0
2.0
-4.6
-8.0
-6.0
-6.0
-5.666666666666667
4.0
1.3333333333333333
-6.0
-6.0
0.40000000000000036
-6.0
-6.0
6.0
8.0
0.0
-1.3333333333333333
1.3333333333333333
-6.0
4.0
4.0
5.0
-12.0
-1.6000000000000003
6.0
-7.0
6.0
-8.0
1.3333333333333333
4.0
0.0
4.0
6.0
9.0
5.0
6.0
2.0
-9.6
-6.666666666666667
2.0
-2.6666666666666665
-3.466666666666667
-4.0
-4.0
-3.2
-4.0
1.3333333333333333
-6.0
-4.666666666666667
-7.066666666666666
8.0
0.8000000000000002
-3.0
-4.933333333333334
-4.0
-1.3333333333333333
-8.0
-6.0
-4.0
-4.0
6.0
1.3333333333333333
-4.0
-6.0
4.0
-1.8399999999999999
1.3333333333333333
-4.0
-4.0
4.0
2.0
4.0
-6.0
7.333333333333333
-3.2
0.0
4.0
4.0
6.0
9.0
-8.0
0.0
6.0
2.0
5.6
1.0
8.0
8.0
-3.7600000000000002
6.0
4.0
6.0
7.0
6.0
6.0
6.0
6.0
-6.199999999999999
6.0
-2.0
5.0
6.133333333333333
-2.0
1.3333333333333333
2.0
6.0
2.0
-6.0
5.6
-3.0
7.8
6.0
-5.0
4.0
-6.0
4.800000000000001
6.0
6.0
8.0
6.0
4.0
6.0
-6.0
4.0
2.4000000000000004
-6.0
-10.0
-6.0
-6.0
6.0
-8.0
-6.0
6.0
3.3333333333333335
-5.0
8.0
1.3333333333333333
10.0
1.0
-4.0
3.3333333333333335
0.3999999999999999
-6.0
-6.0
-6.0
-5.0
-9.0
4.0
4.0
7.666666666666667
3.0
4.0
-7.0
8.0
3.0
-4.0
1.3333333333333333
10.0
-5.333333333333333
6.0
-6.0
-2.6666666666666665
9.6
8.0
4.0
-6.0
-2.6666666666666665
6.0
6.866666666666667
-6.0
-4.0
-8.0
1.3333333333333333
-6.0
6.0
-8.0
6.0
-3.2
-5.0
-0.6666666666666666
4.0
6.0
-6.0
-2.8
-6.0
10.0
1.3333333333333333
4.0
8.0
-5.0
-2.0
-6.0
6.0
-6.0
6.0
6.333333333333333
-6.0
-6.0
-8.0
-6.0
-2.8
-5.0
1.3333333333333333
-2.8
1.3333333333333333
6.0
3.84
-2.0
2.1333333333333333
-6.0
-2.0
-8.0
-6.0
-8.0
-5.0
-1.36
-6.0
-4.0
-0.2
10.0
-2.0
3.2
-5.4
-4.0
6.0
1.3333333333333333
4.0
6.0
8.0
7.0
8.0
6.0
-6.0
6.0
-4.0
-6.0
6.0
-4.0
-4.0
10.0
-8.0
6.0
-2.8
8.0
-8.0
4.0
-6.0
-8.0
6.0
-8.0
-4.0
-4.0
-6.0
-2.586666666666667
-7.5
8.0
-4.666666666666667
-4.0
-1.0
1.3333333333333333
-6.0
15.0
-7.0
6.0
3.25
-6.0
6.0
-1.0
-3.3333333333333335
8.0
0.0
1.0
-6.0
8.0
-6.0
-7.0
1.3333333333333333
-1.0
-4.0
-6.0
6.0
6.0
4.0
6.0
-8.0
-6.0
-6.0
4.25
4.0
-0.6666666666666666
4.0
1.5
-1.3333333333333333
-6.0
1.3333333333333333
6.0
10.0
-1.0
8.0
-6.0
-6.0
7.0
0.0
8.639999999999999
6.0
6.0
10.8
-6.0
-8.0
-6.0
-6.0
-4.0
-6.0
-6.0
6.0
-6.3999999999999995
-6.0
1.3333333333333333
-6.0
-6.0
8.0
-7.0
8.0
-6.0
4.0
6.0
4.0
-1.0
8.0
-4.5
-6.0
3.0
-6.0
-6.0
8.0
0.6666666666666666
-3.3333333333333335
-0.09999999999999994
0.0
4.0
-4.0
6.0
-3.75
8.0
6.0
-3.2
-3.5
-6.0
-4.0
6.0
-2.8
-6.133333333333333
-8.0
4.0
-4.0
6.0
6.0
-9.0
-6.0
1.6
0.8571428571428571
-4.0
-6.1
-9.833333333333334
5.0
1.3333333333333333
5.0
-3.0
-4.0
-7.333333333333333
-0.5
-6.0
-2.0
8.0
-8.0
-8.0
4.32
-6.0
-6.0
-2.6666666666666665
-6.0
-6.0
6.0
6.0
1.3333333333333333
-6.0
-6.0
6.0
1.0
-7.6
8.0
1.3333333333333333
-4.0
10.0
-6.0
-6.0
4.0
-8.666666666666666
1.3333333333333333
4.0
-10.0
-7.5
-8.0
-6.0
2.0
5.0
4.0
-3.0
0.0
7.199999999999999
12.0
6.0
-7.0
-4.5
-9.0
6.0
-6.0
-4.0
8.0
2.6666666666666665
-2.5
10.367999999999999
-3.0
-6.666666666666667
2.0
-6.0
-8.0
-9.0
-2.6666666666666665
6.0
3.0
5.0
-8.0
-7.0
6.0
-6.0
6.0
7.0
6.0
7.0
0.0
-2.0
6.0
6.0
4.0
-0.5999999999999996
-6.0
3.36
4.0
-2.5
4.0
-6.0
4.0
-4.0
-6.0
-8.0
6.0
6.0
6.0
1.0
-3.3333333333333335
-9.0
-4.800000000000001
6.0
-4.4
-0.5
-10.0
3.6666666666666665
-2.4
-8.0
-6.0
-6.0
-0.5
-8.0
-1.5
-6.0
-1.8720000000000003
-1.0
-8.0
-8.0
4.0
-4.0
1.6666666666666667
-2.0
-1.5
6.0
-4.0
-4.0
-2.6666666666666665
-0.5
4.0
-0.5
-8.0
2.0
5.0
6.0
-8.0
-6.0
-5.0
4.8
4.8
15.0
4.0
4.0
-6.0
-0.5
-8.0
-0.5
2.0
-6.0
0.16666666666666666
-6.0
-6.0
6.0
-3.0
6.0
0.0
6.0
-6.0
7.0
-0.5
1.0
0.0
-8.0
-0.5
3.0
-1.0
4.0
-2.0
-0.5
9.600000000000001
-6.0
4.8
5.6
-0.5
-2.0
4.666666666666667
-7.0
2.0
——————————19年12月——————————
-7.0
-2.0
6.0
6.0
-0.5
-4.800000000000001
6.0
-6.0
-2.6666666666666665
-2.0
7.0
5.013333333333333
-2.0
-10.0
3.0
-7.0
-8.0
1.0
7.199999999999999
-12.0
-6.666666666666667
-8.0
-6.4
-4.0
8.0
4.0
-4.0
6.0
-6.0
-10.0
4.533333333333333
-6.0
-4.0
-5.0
4.0
1.0
-8.0
9.25
-4.0
-6.0
-2.8
-6.666666666666667
-8.0
-12.0
1.1428571428571428
10.0
-4.666666666666667
-4.8
-8.0
4.0
-6.0
-4.4
-6.0
-1.0
1.9555555555555557
8.0
-6.0
-4.0
-7.0
-5.648000000000001
-4.0
-8.0
-8.0
-10.0
0.8
-6.0
-6.4
8.0
10.0
8.0
0.4
-8.0
-6.0
-8.0
-6.0
6.333333333333333
2.7999999999999994
6.0
6.0
-7.0
-6.0
-8.0
6.0
4.0
-4.666666666666667
-4.8
1.1428571428571428
-1.0
4.0
-0.5
4.8
1.7333333333333334
-7.0
-4.666666666666667
-4.8
4.0
-0.5
-6.0
1.5999999999999999
-4.5
-7.199999999999999
-2.0
-0.3999999999999999
-0.5
-8.0
1.0
-4.0
4.8
-0.5
1.3333333333333333
-8.0
4.8
4.0
6.0
-2.8
-2.0
-8.0
-2.0
-7.0
-8.0
6.0
-4.0
4.0
4.8
-8.0
10.0
6.0
-0.5
-6.0
-6.0
4.0
-8.0
-0.5714285714285714
3.2
-1.2000000000000002
0.25
-2.6
-0.5
-3.7142857142857144
10.0
6.0
-2.6666666666666665
-1.0
-8.0
-6.0
-8.0
-8.0
-4.0
4.0
4.8
-1.0
-7.0
-8.0
6.4
4.0
-6.0
2.9
-6.0
-8.0
-6.0
-12.0
-1.0
-10.0
-3.3714285714285714
-6.0
-6.0
-6.0
-4.0
0.8
6.0
-8.0
6.0
6.0
-2.6666666666666665
-2.6666666666666665
-7.0
-6.0
-6.0
-2.4
-6.0
4.0
1.2
-6.0
4.0
-2.0
-7.9
1.0
4.0
-8.0
-1.6666666666666667
-4.0
-6.0
4.0
5.333333333333333
-2.4
-4.0
7.199999999999999
-4.25
3.2
-6.0
-8.5
-4.0
-6.0
-8.0
6.0
-6.0
-8.0
0.08000000000000007
4.0
-5.6
-6.0
-4.0
-6.0
-8.666666666666666
-8.0
-6.0
-6.0
-6.0
2.6666666666666665
-6.0
-4.0
6.0
-1.0
-6.0
-6.666666666666667
-4.0
-4.0
-6.0
16.0
8.0
-8.0
7.0
-0.5
-4.0
7.0
4.8
-6.0
3.2
-4.0
6.0
0.08000000000000007
-4.0
-3.2
-4.0
-0.5
-6.0
3.2
-6.0
-0.8
-0.5
-0.5
12.0
-6.0
-0.5
-6.0
-4.0
0.0
-2.0
-0.5
-6.0
-7.0
-0.5
